0.4353
0.138
0.2242
0.2131
0.0053
0.0012
0.0005
0.282
0.0001
0.0027
0.232
0
0.2864
0.4516
0.3835
0.01
0.201
0.2153
0
0.3766
0.0079
0.0279
0.0066
0.0134
0.0009
0.0187
0.0061
0.007
0.0118
0.0152
0.749
0.7745
0.149
0.4347
0.4174
0.3619
0.3283
0.9525
1.0409
0.9721
0.5637
0.7599
0.4983
0.476
0.5559
0.741
0.5599
0.7991
0.9505
0.914
0.8389
0.76
0.0328
0.3153
0.6455
0.8935
0.2721
0.5452
0.5576
0.4397
0.9226
0.5118
0.9088
0.0312
0.1588
0.3632
0.5404
0.511
0.0546
0.9137
0.4367
0.8319
0.2063
0.6663
0.6342
0.0632
0.0155
0.4128
0.0528
0.5088
0.0159
0.0459
0.0523
0.0216
0.027
0.0082
0.9618
0.1758
0.7487
0.7659
0.003
0.004
0.0036
0.0068
0.0297
0.0849
0.0993
0.0279
0.0056
0.0453
0.3122
0.4991
0.6682
0.4755
0.3978
0.1997
0.2883
0.5267
0.3122
0.0062
0.0989
0.0252
0.1866
0.5387
0.3857
0.3025
0.0148
0.148
0.5175
0.0495
0.0492
0.1845
0.0259
0.3339
0.2441
0.2605
0.2688
0.0257
0.0768
0.4313
0.2047
0.2688
0.0244
0.2249
0.0204
0.0273
0.0229
0.0188
0.0145
0.0227
0.433
0.0358
0.0207
0.0224
0.0165
0.0006
0.0995
0.3596
0.1086
0.2048
0.1659
0.4199
0.0884
0.1169
0.0169
0.0768
0.2379
0.2414
0.1766
0.2566
0.0066
0.0018
0.0353
0.0118
0.047
0.058
0.0764
0.1076
0.1722
0.0574
0.0604
0.0169
0.1443
0.154
0.1797
0.0743
0.123
0.4451
0.4019
0.0657
0.0884
0.4065
0.0185
0.1963
0.0023
0.1778
0.1415
0.0398
0.004
0.3017
0.2356
0.1983
0.0745
0.1169
0.001
0.1508
0.0111
0.0393
0.0401
0.094
0.1651
0.0152
0.4292
0.1113
0.3166
0.6014
0.166
0.2689
0.3701
0.3095
0.3898
0.4704
0.4328
0.6325
0.1626
0.0033
0.0005
0.1842
0.1092
0.2787
0.0399
0.2743
0.0046
0.126
0.158
0.1824
0.1914
0.2295
0.206
0.154
0.0854
0.0885
0.5478
0.0051
0.0219
0.0171
0.0066
0.0251
0.5865
0.0093
0.0521
0.005
0.0022
0.0078
0.0103
0.0033
0.3766
0.116
0.2974
0.2038
0.0346
0.3083
0.5442
0.0176
0.1879
0.1212
0.1011
0.1647
0.1974
0.0264
0.0588
0.0456
0.2147
0.3718
0.2246
0.1882
0.1897
0.173
0.1921
0.3102
0.1892
0.0409
0.037
0.0463
0.4533
0.6661
1.0001
0.7949
0.5588
0.5319
0.8328
0.6843
0.696
0.0659
0.4526
0.383
0.8929
0.9681
0.3212
0.8139
0.0011
0.2067
0.8588
0.865
0.9307
0.656
0.6644
0.4555
0.9453
0.3412
0.3252
0.3821
0.04
0.2205
0.2949
0.1673
0.5319
0.5301
0.3189
0.1115
0.113
0.2011
0.168
0.3112
0.247
0.039
0.0052
0.0256
0.0037
0.0002
0.0656
0.0245
0.0899
0.0914
0.1019
0.0741
0.1315
0
0.002
0.0752
0.0871
0.0888
0.0186
0.3989
0.142
0.1498
0.0816
0.1171
0.0025
0.0118
0.0001
0.3218
0.0875
0.0061
0.5296
0.4058
0.0216
0.8716
0.0001
0.0011
0.1336
0.1297
0.1801
0.0031
0.1203
0.0382
0.0017
0.0184
0.1847
0.0481
0.0136
0
0.0001
0.7491
0.0531
0.0431
0.0581
0.0568
0.6794
0.0181
0.267
0.0794
0.0348
0.0414
0.0457
0.0577
0.0279
1.0809
0.2067
0.1195
0.0231
0
0.5093
0.2945
0.1315
0.1614
0.4764
0.1138
0.0976
0.0085
1.3935
0.7737
0.6843
0.1859
0.0852
0.2738
0.0725
0.0045
0.238
0.182
0.2164
0.8164
0.3564
0.2239
0.0115
0.1356
0.5461
0.5776
1.1111
1.098
1.0397
0.1586
0.2288
0.4699
0.0118
0.2976
0.4181
0.2825
0.0704
0.0002
0.0291
0.0639
0.0393
0.0505
0.0233
0.907
1.0797
1.0152
1.0149
0.3853
0.7344
0.0964
0.0212
0.0242
0.0205
0.0265
0.8181
0.134
0.3367
0.2364
0.0001
0.2591
0.2384
0.2237
0.3101
0.1693
0.0795
0.0546
0.5428
0.8949
0.4484
1.2043
1.1833
0.8074
0.7585
0.0728
1.1048
1.5393
0.3478
1.1737
0.032
1.2376
0.0169
0.2657
0.3732
0.322
0.1845
0.0749
0.104
0.1605
0.1734
0.0589
0.0299
0.9957
0.0207
0.6207
0.8597
0.6437
0.0007
0.1396
0.0195
0.0002
0.0125
0.2661
0.0829
0.2894
0.0846
0.2136
0.004
0.0053
0.1378
0.0481
0.084
0.1528
0.0092
0.1437
0.0151
0.0022
0.0363
0.0175
0.0024
0.0051
0.0988
0.4818
0.0001
0.4075
0.7144
0.1564
0.9202
0.43
1.1735
0.0178
0.7261
0.4231
0.1252
0.2599
0.3708
0.0135
0.8536
0.5187
0.1312
0.2621
0.1156
0.0057
0.1066
0.0505
0.0549
0.3089
0.2467
0.0139
0.1603
0.0307
0.3742
0.0256
0.0045
0.0111
0.2667
0.2503
0.4122
0.0638
0.0188
0.0027
0.2325
0.1255
0.0266
0.0427
0.0027
0.089
0.1191
0.0135
0.0045
0.0065
0.026
0.109
0.0105
0.0024
0.0091
0.0632
0.0842
0.645
0.9779
0.9644
0.5171
0.0856
1.4474
1.15
1.344
0.7076
0.2432
0.5119
0.1538
1.0532
0.6985
0.0017
0.6651
0.3727
0.4773
0.0088
0.1743
0.6177
1.0064
0.5544
0.56
0.7851
0.6637
0.5534
0.578
0.8305
0.2507
0.3448
0.0066
0.0784
0.2566
0.0075
0.2396
0.3916
0.2024
0.0102
0.1887
0.0287
0.1527
0.0131
0.1012
0.0401
0.1516
0.1472
0.0454
0.0506
0.0164
0.005
0.0211
0.305
0.5753
0.1922
0.179
0.2325
0.019
0.4416
0.0735
0.0676
0.05
0.0132
0.0088
0.0496
0.0476
0.0548
0.1244
0.0071
0.0064
0.7012
0.4128
0.459
0.1814
0.1246
0.0392
0.1303
0.0143
0.3573
0.0155
0.0596
0.012
0.2866
0.0428
0.071
0.3109
0.1665
0.022
0.0338
0.051
0.0033
0.1365
0.0029
0.0025
0.017
1.1321
0.9834
0.6784
0.5305
0.2676
0.0117
0.1697
0.32
0.6479
0.5518
0.492
0.0071
0.0306
0.0027
0.0011
0.0192
0.0024
0.0241
0.0137
0.0169
0.011
0.014
0.0233
0.0292
0.027
0.0003
0.0123
0.0361
0.0722
0.0468
0.0128
0.0013
0.0049
0.0852
0.0506
0.0052
0.0738
0.0709
0.0903
0.3525
0.1686
0.0002
0.3438
0.0001
0.2625
0.5383
0.5889
0.7287
0.7814
0.5537
0.259
0.5565
0.4637
0.0533
0.0191
0.0766
0.1691
0.0861
0.1025
0.046
0.3759
0.1116
0.1154
0.0215
0.0001
0.4479
0.0717
0.1219
0.1468
0.0348
0.7675
0.3911
0.0293
0.0177
0.014
0.0139
0.0101
0.0155
0.1741
0.1752
0.0072
0.0152
0.0905
0.0243
0.0057
0.1743
0.0779
0.1495
0.0594
0.0798
0.0785
0.2092
0.183
0.1372
0.0078
0.592
0.4056
0.1282
0.1529
0.2441
0.001
0.2469
0.1379
0.0396
0.0043
0.0076
0.0351
0.0107
0.0056
0.0184
0.0317
0.0084
0.0162
0.0009
0.0059
0.0708
0.0015
0.1124
0
0.0204
0.051
0.236
0
0.0001
0.2847
0.0004
0.307
0.0029
0
0
0.0003
0.0002
0.5407
0.7209
0.5633
0.2412
1.0241
1.0896
1.1684
0.5158
0.4192
0.4816
0.3717
0.2752
0.2285
0.415
0.1401
1.281
0.792
0.6923
0.2862
0.2287
0.0155
0.0199
0.0292
0.0092
0.2288
0.0082
0.3994
0.8419
0.4516
0.2483
0.042
0.046
0.027
0.0432
0.0671
0.0356
0.024
0.036
0.1495
0.0203
0.0329
0.0333
0.0017
0.0002
0.1161
0.0013
0.0116
0.1165
0.0096
0.0064
0.1182
0.0243
0.0164
0.2744
0.6677
0.1901
0.0073
0.1478
0.0378
0.2164
0.0522
0.0004
0.0502
0.0005
0.0559
0.0367
0.0128
0.1765
0.1085
0.8614
1.0286
1.1856
0.3952
0.909
1.1664
0.0345
0.9574
0.9083
0.4204
0.525
0.7889
0.112
0.0591
1.3121
0.4922
0.0377
0.0346
0.5026
0.0361
0.0286
0.0066
0.0161
0.029
0.0826
0.113
0.0794
0.0877
0.079
0.0871
0.1718
0.106
0
0.2707
0.032
0.8203
0.0018
0.0004
0.0672
0.0588
0.0853
0.0208
0.0243
0.0781
0.0463
0.0776
0.0569
0.0576
0.1299
0.0901
0.1492
0.1114
0.082
0.0007
0.0364
0.015
0.034
0.0355
0.0129
0.0255
0.0277
0.0043
0.0364
0.0032
0.0362
0.0052
0.0006
0.0799
0.007
0.9222
0.6419
0.747
0.5963
0.0431
0.0101
0.0526
0.4337
0.582
0.1801
0.5543
1.5834
0.9902
1.0271
0.2944
0.0228
0.0019
0.0247
0.0062
0.0104
0.012
0.0349
0.0605
0.0473
0.0014
0.1037
0.0364
0.1059
0.3117
0.0628
0.1863
0.0823
0.0263
0.0028
0.0025
0.0394
0.0004
0.1221
0.0473
0.3666
0.2158
0.1839
0.1636
0.2814
0.6179
0.2643
0.0941
0.0702
0.0083
0.0139
0.0652
0.1763
0.2559
0.2501
0.0054
0.2246
0.2249
0.1703
0.0283
0.0237
0.2398
0.0127
0.4064
0.2011
0.0508
0.0139
0.2378
0.5523
0.2381
0.4346
0.2298
0.1689
0.2523
0.2128
0.1032
0.0052
0.0004
0.316
0.2889
0.179
0.152
0.7989
0.1681
0.0467
0.2342
0.3767
0.3379
0.201
0.0624
1.3469
0.0064
0.0871
0.1183
0.0756
0.0667
0.0589
0.0703
0.0652
0.0556
0.1174
0.1645
0.0765
1.0118
0.0629
0.0844
0.0194
0.0062
0.6599
1.0109
0.4497
0.922
0.5652
0.5165
0.4316
0.5292
0.4488
0.5647
0.5281
0.209
0.4305
0.2273
0.3527
0.4538
0.1271
0.0204
1.3302
0.7475
0.2617
0.2358
0.0318
0.4353
0.0455
0.4293
0.0441
0.0129
0.0123
0.0247
0.0025
0
0.0166
0.0107
0.0479
0.0265
0.0131
0.0108
0.0064
0.1545
0.3182
0.0006
0.1344
0.0031
0.3208
0
0.3388
0.9895
0.5872
0.5186
0.192
0.3222
0.4199
0.3122
0.0904
0.3025
0.2482
0.169
0.2377
0.4321
0.2903
0.2893
0.1702
0.1319
0.0004
0.9561
0.3534
0.6779
0.0695
0.1742
0.25
0.194
0.0786
0.4
0.0907
0.0774
0.1923
0.1314
0.1827
0.2498
0.7294
0.5316
0.0184
0.0614
0.0743
0.0048
0.011
0.4405
0.0134
1.1834
0.794
0.0436
0.0135
0.0039
0.0256
0.0172
0.0116
0.0198
0.0021
0.0107
0.1211
0.1408
0.0049
0.0112
0.295
0.3853
0.1741
0.6306
0.656
0.5824
0.4786
0.6335
0.0181
0.265
0.3312
0.4139
0.0782
0.1688
0.52
1.0295
0.3791
0.2557
0.6234
0.0126
0.4236
0.4892
1.2074
0.0351
0.1097
0.3601
0.1427
0.3771
0.1855
0.1797
0.0554
0.2627
0.1907
0.409
0.3734
0.0701
0.0302
0.3341
0.0068
0.0244
0.0511
0.0755
0.1473
0.0885
0.1503
0.0756
0.1261
0.4349
0.6868
0.1958
0.0007
0.0745
0.0002
0.0009
0.0497
0.0001
0.0052
0.8779
0.3778
0.2833
0.166
0.0531
0.0759
1.164
1.271
0.1465
0.0249
0.1444
0.1822
0.1839
0.1838
0.0218
0.1685
0.1803
0.1191
0.4805
0.1721
0.1804
1.0611
0.1812
0.1821
0.1013
1.4627
0.3128
0.0265
0.1536
0.3186
0.3864
0.2435
0.3055
0.0618
1.3585
0.1355
1.0074
0.2108
0.1264
0.161
0.2218
0.2246
0.108
0.0214
0.2408
0.2691
0.0203
0.146
0.1532
0.1295
0.1672
0.195
0.1319
0.1272
0.1847
0.1674
0.2445
0.155
0.1126
0.1282
0.0533
0.1749
0.1147
0.3324
0.0219
0.0309
0.2728
0.2227
0.6678
0.5551
0.1524
0.0768
0.0655
0.4544
0.0325
0.0654
0.06
0.0059
0.0792
0.12
0.0515
0.0974
0.2284
0.0785
0.1692
0.04
0.0018
0.1763
0.2141
0.239
0.1556
0.1584
0.0856
0.1591
0.1593
0.0593
0.1417
0.132
0.0135
0.0015
0.1286
0.1505
0.0321
0.046
0.2306
0.3994
0.5334
0.2267
0.028
0.1781
0.2084
0.0488
0.13
0.5569
1.0996
0.4802
0.0957
0.6279
0.2675
0.2977
0.1525
0.3683
0.047
0.2756
0.3223
0.4114
0.2999
0.2807
0.1141
0.2567
0.3409
0.1686
0.0756
0.2439
0.2638
0.2181
0.1101
0.2129
0.2324
0.2389
0.2107
0.0021
1.1823
1.6128
1.3251
1.2078
1.0795
1.141
0.5826
1.0114
0.4818
0.0421
0.9495
0.0095
0.0697
0.2343
0
1.0325
1.215
0.0021
0.0002
0.0372
0.1606
0.3756
0.3317
0.0554
0.0354
0.0909
0.0767
0.1626
0.2094
0.1602
0.1951
0.1044
0.1086
0.1789
0.0986
0.4102
0.7747
0.7219
0.1831
0.0053
1.0798
0.1639
0.0692
0.0552
0.0768
0.8023
0.1887
0.1475
0.146
0.0819
1.3597
1.1716
1.0578
0.0278
0.0105
0.1071
0.0382
0.0424
0.1012
0.0505
0.0288
0.3902
0.0712
0.8312
0.7744
0.82
0.0816
0
0.1212
1.5374
0.7836
0.7623
0.6269
0.0358
0.7722
0.2306
0.0872
1.2303
0.2093
0.0168
0.0102
0
0.0962
0.0376
0.0565
0.0568
0.1194
0.0353
0.0026
0.0699
0.0024
0.016
0.0015
0.3304
0.8583
0.392
0.6435
0.6287
0.3957
0.4209
0.0994
0.2989
0.1266
0.2838
0.2612
0.1599
0.1264
0.3337
0.2076
0.0385
0.2035
0.1743
0.0553
0.6883
0.5941
0.7062
0.3209
0.3183
0.1004
0.233
0.2356
0.252
0.1901
0.1137
0.2235
0.2619
0.0005
0
0.1217
0.0539
0.0478
0.0271
0.0142
0.2308
0.5016
0.5566
0.3922
0.1609
0.2614
0.2387
0.28
0.0116
0.4108
0.0592
0.0019
0.0423
0.3541
0.3212
0
0.9629
0.0984
0.2626
0.2815
0.0011
0.2499
0.451
0.4095
0.245
0.2115
0.2709
0.3734
0.2855
0.0094
1.7022
0.1219
0.2465
0.0529
0.1562
0.2729
0.0891
0.2418
0.3496
0.4988
0.7376
0.0302
0.2592
0.1888
0.1916
0.3175
0.455
0.2396
0.2999
0.9686
0.2865
0.2296
0.0078
0.0499
0.1133
0.0952
0.0384
0.0536
0.142
0.0058
1.4224
0.8304
0.6918
0.6009
0.5095
0.4329
0.3536
0.3269
0.3087
0.247
0.3091
1.0684
0.3122
0.2253
0.4067
0.2725
0.1566
0.779
0.07
0.0165
0.2316
0.7223
0.6121
0.5082
0.3503
0.4154
0.2001
0.0679
0.2206
0.071
0.03
0.0887
0.0146
0.0661
0.18
0.0054
0.0192
0.1307
0.049
0.0112
0.0134
0.016
0.1539
0.2708
0.0497
0.2326
0.181
0.0757
0.144
0.1489
0.1726
0.0865
0.0264
0.226
0.566
1.1295
1.0403
0.2024
0.1325
0.047
0.0598
0.0488
0.0218
0.1849
0.0176
0.3404
0
0.0762
0.1441
0.0595
0.0141
0.1048
0.6498
0.308
0.248
0.3627
0.2892
0.2473
0.2547
0.3223
0.205
0.2204
0.1952
0.1269
0.1741
0.1445
0.5406
0.6092
0.1081
0.1379
1.0776
0.0277
0.8059
0.7833
0.0972
0.8423
0.4735
0.2642
0.1051
1.0904
0.6942
0.1331
0.7239
0.6764
0.0991
0.5322
0.0679
0.1206
0.2041
0.3844
0.1173
0.2604
0.0359
0.1257
0.1274
0.247
0.0819
0.0459
0.0143
0.0669
0.7104
0.1402
0.4941
0.0282
0.267
0.2141
0.0893
0.0739
0.0801
0.1113
0.1954
0.1442
0.0861
0.0841
0.0614
0.0007
0.0954
0.0677
0.0794
0.0465
0.0092
0.0202
0.0921
1.1713
0.9894
0.5019
0.0102
0.146
1.065
1.4885
1.3624
0.1698
0.0141
0.028
0.07
0.0005
0.0465
0.0583
0.0249
0.1103
0.0115
0
0.0012
0.7441
0.7023
0.0038
0.4113
0.5805
0.1001
0.1741
0.2424
0.0024
0.002
0.1355
0.1201
0.2795
0.1979
0.183
0.0029
0.8697
0.1024
0.5073
1.4577
1.182
1.2971
0.9138
1.0686
0.06
1.398
1.2628
0.991
0.9119
0.916
0.7941
0.0794
0.0204
0.0656
0.1529
0.6835
0.8853
0.7196
0.4746
0.4803
0.4339
0.8934
0.778
0.7337
0.5661
0.8164
1.1243
0.6308
0.0741
0.5499
0.6253
1.2658
1.2307
1.2811
0.7278
0.5012
0.717
0.2928
0.2545
0.1966
1.0109
0.4586
0.708
0.7095
1.1758
1.1833
1.342
0.7601
0.3807
0.413
0.3034
1.0881
0.8993
0.8496
0.0154
0.5279
0.3857
0.3247
0.3584
0.5384
0.0168
1.2625
0.8625
0.0066
0.1639
0.1689
0.0228
0.3776
0.0425
0.268
0.2233
0.1038
0.2244
0.0411
0.1202
0.1204
0.0047
0.0278
0.0388
0.1393
0
0.388
0.0824
0.7966
0.0221
0.02
0.0086
0.0122
0.0043
0.2263
0.079
0.0179
0.0422
0.1551
0.3623
0.7399
0.0062
0.0958
0.8107
0.4066
0.388
0.4066
0.0146
0.1082
0.2018
0.0488
0.0107
0.1543
0.0944
0.0169
0.17
0.8317
0.0253
0.4702
0.2564
0.2851
0.6193
0.0178
0.3414
0.019
0.1457
0.4569
0.2655
0.2398
0.079
0.0105
0.1497
0.128
0.6562
0.6462
0.491
0.6737
0.8722
0.411
0.6295
0.2519
0.2023
0.4683
0.9588
0.9813
0.0079
0.041
0.2864
0.0032
0.088
0.1334
0.1479
1.063
0.3662
0.0153
0.0515
0.004
0.0567
0.0268
0.1133
0.1975
0.1201
0.7673
0.1611
0.2365
0.249
0.2645
0.0539
0
0
0
0.3625
0.117
0.1809
0.0001
0.0293
0.0019
0.1682
0.2909
0.2851
0.6536
0.2154
0.2442
0.0785
0
0
0.6887
0
0.5281
0.5921
0.1374
0.4644
0.3296
0.2482
0.2843
0.3935
0.0001
0
0.1584
0
0.0667
0.3035
0.1812
1.004
0.704
0.0169
0.742
0.3094
0.2778
0.3128
0.1381
0.0209
0.0568
0.1429
0
0.1415
0.216
0.8025
0.1608
0.0131
0.1395
0.2676
0.1959
0.2163
0.0098
0.2181
0.0145
0.9417
0.0444
0.0949
0.0041
0.0001
0.2365
0
0.1871
0.1274
0.5115
1.5567
1.1931
0.5066
0.7553
0.3258
0.0378
0.0217
1.1501
0.7313
0.0613
0.0436
0.0369
0.0187
0.0056
0.2064
0.6627
0.5664
0.2415
0.069
0.022
0.9074
1.1465
0.3695
0.1252
0.1026
0.3631
0.1471
0.7724
0.9496
1.0816
0.2809
0.023
0.3982
1.1291
1.0098
1.0703
0.3743
1.5425
0.6847
1.0085
0.021
0.0687
0.0164
0.0233
0.0024
0.2962
0.0954
0.0736
0.0392
0.0001
0.6641
0.0716
0.1721
0.3286
0.3171
0.0985
0.0313
0.1815
0.043
0.7311
0.7895
0.315
0.3519
1.3985
0.0251
0.0878
0.9918
1.2437
0.9538
0.1242
0.022
0.0297
0.0448
0.1678
0.0311
0.0145
0.02
0.7033
0.1484
0.1192
0.0404
0.0008
0.016
0.0011
0.0029
0.0027
0.0038
0.004
0.0065
0.0152
0.0001
0.004
0.1877
0.0045
0.0044
0.0013
0.0051
0.4168
0.9097
0.6087
0.4493
0.218
0.0625
0.1401
0.0573
0
0.0391
0.6023
0.2378
0.5939
0.2842
1.0667
0.0131
0.6194
0.462
0.2444
0.0206
0.2021
1.278
1.2098
1.1843
0.9891
0.0545
0.1777
0.0361
0.2475
0.0072
1.0226
0.8708
0.7069
0.317
0.4305
0.0606
1.2344
0.9392
0.6697
1.4529
1.2431
0.3731
1.5269
1.5519
1.6152
1.4955
0.0004
0.0006
0.0198
0.6009
0.002
0.0038
0.0007
0.0004
0.2765
0.3245
0.8685
0.7911
1.2058
0.294
0.2796
0.7987
0.0838
0.0994
0.7336
0.0003
0.0488
0.0001
0.5383
0.165
0.671
0.381
0.3993
0.6781
0.0816
0.1468
0.6156
0.1933
0.3881
0.0931
0.2461
0.0003
0.0306
0.001
0.3887
0.0928
0.1882
0.1008
0.002
0.0321
0.0156
0.0481
0.0965
0.0032
0.001
0.0049
0.0027
0.1943
0.0004
0
0.0048
0.4727
0
0.3504
0
0.037
0.2856
0
0.0028
0.0032
0.0027
0.0024
0.0084
0.0013
0.154
0.0017
0.0126
0.0622
0.0175
0.4152
0.0289
0.016
0.0803
0.0006
0.0441
0.0007
0.0006
0.0124
0.0185
0.0065
0.0007
0.0273
0.0058
0.0157
0.0006
0.0006
0.0066
0.0001
0.5068
0.0205
0.0315
0.0015
0.0033
0.1659
0.1685
0.1087
0.0148
0.0057
0.1097
0.2979
0.1486
0.0344
0.0249
0.1281
0.1406
0.0102
0.0161
0.0061
0.0078
0.088
0.013
0.0066
0.0046
0.1171
0.0187
0.0054
0.031
0.0151
0.0084
0.0021
0.006
0.0104
0.0003
0.0138
0.0471
0.011
0.0001
0.0004
0.0128
0.0019
0.0087
0.0103
0
0.0009
0.0364
0.0165
0
0.0155
0.0015
0.1356
0.0017
0.0612
0.2504
0.0809
0.003
0.0182
0.0148
0.003
0.0308
0.0482
0.1672
0.0035
0
0.0019
0.0244
0.0022
0.0127
0.0049
0.0016
0.0823
0.0295
0.0067
0.0043
0.2266
0.7548
0.1318
0.2404
0.6864
0.7357
0.0054
0.2819
0.0675
0.0425
0.5904
0.791
0.408
0.5909
0.0094
0.0988
0.3624
0.2944
0.7595
0.0434
0.4396
0.6039
0.19
0.0307
0.6636
0.395
0.5219
0.0015
0.1066
0.109
0.0724
0.0263
0.0482
0.0017
0.1559
0.0255
0.0044
0.0052
0.0186
0.0353
0.0012
0.0515
0.0517
0.0129
0.091
0.1835
0.0001
0.0695
0.0008
0.0074
0.0082
0.0087
0.0006
0.0173
0.004
0.0067
0.0029
0.0225
0.0272
0.0031
0.0005
0.0221
0.0038
0.0861
0.0155
0.0163
0.0045
0.0745
0.0339
0.0013
0.0073
0.0048
0.0107
0.0032
0.0326
0.0065
0.0255
0.02
0.0125
0.0052
0.0033
0.009
0.0008
0.001
0.0013
0.0166
0.0155
0.0745
0.0244
0.0155
0.0103
0.0227
0.1997
0.0401
0.0297
0.0091
0.0337
0.0129
0.0726
0.0266
0.0464
0.0055
0.0005
0.0027
0.0001
0.0091
0.0003
0.005
0.0015
0.3992
0.0034
0.0113
0.0068
0.0116
0.0078
0.0181
0.0087
0.0603
0.4355
0.0122
0.0003
0.0297
0.0047
0.4182
0.0054
0.374
0.1218
0.0033
0.018
0.0616
0.0165
0.0204
0.0041
0.0934
0.0019
0.0011
0.054
0.0021
0.0612
0.0455
0.1277
0.0699
0.0154
0.0609
0.0023
0.0395
0.017
0.0089
0.0302
0.0563
0.0228
0.001
0.1875
0.365
0.0038
0.0988
0.067
0.0005
0.0001
0
0.0703
0.0007
0.0029
0.0008
0.4836
0.0019
0.0016
0.0115
0.0005
0.0003
0.0005
0.2245
0.0018
0.0003
0.0006
0.0029
0.0001
0.0003
0.4657
0.0001
0.0555
0.0313
0.2205
0.4972
0.1051
0.0001
0.0398
0.0036
0.011
0.0028
0.0009
0.0041
0.2182
0.0004
0.0098
0.1095
0.001
0.0013
0
0.0006
0
0.2398
0.002
0.0033
0.0002
0.005
0.0002
0.0006
0.1755
0.0094
0.0005
0.0003
0.0502
0.0533
0.1777
0.0016
0.0912
0.0147
0.0056
0
0.1127
0.1197
0.1047
0.0048
0.0149
0.4621
0.3174
0.2705
0.0923
0.0426
0.1859
0.0024
0.0165
0.0123
0.0032
0.0242
0.2032
0.2871
0.0015
0.0043
0.0086
0.2845
0.0068
0.003
0.0115
0.0367
0.0104
0.315
0.0388
0.0065
0.0022
0.0303
0.0002
0.3533
0.0095
0.0337
0.0281
0.2655
0.0716
0.0139
0.2277
0.3319
0.0064
0.2383
0.4414
0.016
0.4123
0.2714
0.0103
0.01
0.0996
0.0182
0.0049
0.2174
0.0383
0.116
0.3546
0.5057
0.0729
0.0007
0.0405
0.001
0.0012
0.0009
0.0015
0.0194
0.0009
0.0458
0.0001
0.0014
0.0166
0.1162
0.0369
0.1234
0.2603
0.0068
0.0758
0.0185
0.0126
0.0044
0.0214
0.0239
0.1209
0.1288
0.0317
0.1882
0.0442
0.0302
0.014
0.1194
0.1062
0.0599
0.0008
0.2672
0.0046
0.027
0.2058
0.0477
0.7413
0.3959
0.3698
0.1776
0.1233
0.0684
0.1809
0.0463
0.0097
0.1455
0.0053
0.2283
0.0908
0.0324
0.4633
0.1766
0.1408
0.3118
0.0011
0.3301
0.1476
0.0533
0.0107
0.0287
0.2226
0.199
0.0231
0.3886
0.2349
0.1988
0.3008
0.0033
0.0001
0.0165
0.289
0.0019
0.212
0.0239
0.1133
0.267
0.3936
0.4119
0.0907
0.0071
0.0026
0.0134
0.0034
0.078
0.1613
0.2664
0.2243
0.3858
0.0804
0.0602
0.043
0.1174
0.0055
0.0807
0.0028
0.0049
0.1095
0.0451
0.0786
0.0831
0.0133
0.3438
0.002
0
0.0004
0.0006
0.0008
0.003
0.0063
0.0004
0.0027
0.0033
0.0024
0.0017
0.0024
0.0033
0.3333
0.0042
0.0135
0.0003
0.0001
0.0011
0.001
0
0.0036
0.0044
0.001
0.0004
0.0046
0.0125
0.0001
0.0033
0.0026
0.0004
0.0135
0.0674
0.0176
0.0282
0.0069
0.043
0.0092
0.0025
0.0214
0.0213
0.0001
0.0144
0.0065
0.0371
0.023
0.0381
0.06
0.0085
0.0621
0.0318
0.1388
0.1025
0.0383
0.001
0.0015
0.0301
0.0802
0.0222
0.0003
0.0584
0.0782
0.011
0.0403
0.0704
0.0777
0.0114
0.146
0.0085
0.0714
0.0847
0.0003
0.0003
0.0032
0.0653
0.0004
0.3632
0.1129
0.1983
0.3406
0.1167
0.1612
0.0081
0.0868
0.1093
0.0239
0.0351
0.1112
0.0525
0.017
0.0033
0.0529
0.209
0.1797
0.0629
0.1059
0.1006
0.0016
0.0117
0.3033
0.0635
0.014
0.0057
0.1127
0.0975
0.0767
0.0758
0.0161
0.1249
0.1407
0.1328
0.0787
0.0839
0.045
0.0532
0.0674
0.0969
0.0969
0.0704
0.0477
0.0541
0.0017
0.0457
0.0232
0.0671
0.1041
0.0015
0.0911
0.1748
0.1637
0.217
0.389
0.2725
0.1757
0.2086
0.1756
0.1679
0.1379
0.1065
0.0736
0.1638
0.1102
0.0717
0.1223
0.0928
0.139
0.0027
0.0059
0.0019
0.0015
0.0014
0.0017
0.0022
0.0068
0.0001
0
0.0004
0.0032
0.0028
0.0031
0.0109
0.0004
0.0039
0.0035
0.0115
0.0077
0.0517
0.0002
0.0084
0.0133
0.0004
0.0031
0.0894
0.0032
0.002
0.001
0.0028
0.0014
0.0015
0.0503
0.0122
0.0018
0.0085
0.0008
0.0069
0.0053
0.006
0.0038
0.0734
0.0757
0.0857
0.0009
0.0013
0.0009
0.0105
0.0047
0.0009
0.0187
0.0001
0.0034
0.0014
0.009
0.0003
0.0292
0.0058
0.0332
0.0039
0.7114
0.7166
0.0104
1.0225
1.0836
0.4115
0.0246
0.2584
0.5622
0.2692
0.0306
0.1978
0.2329
0.5353
0.4572
0.2332
0.2252
0.0406
0.013
0.0091
0.0029
0.0582
0.001
0.0026
0.0157
0.0105
0.0235
0.0054
0.0537
0.0369
0.0174
0.0145
0.016
0.0012
0.0204
0.003
0.0058
0.0096
0.0418
0.0045
0.0005
0.0064
0.0467
0.0246
0.0583
0.0044
0.0487
0.0288
0.0001
0.0568
0.0024
0.009
0.0002
0.261
0.162
0.0876
0.216
0.022
0.0009
0.0046
0.024
0.0031
0.1006
0.0002
0.1603
0.7859
0.6994
0.0226
0.0032
0.0024
0.0109
0.0117
0.0033
0.0964
1.2722
1.0146
0.5036
0.0144
0.0694
0.0101
0.3064
0.1764
0.1415
0.1202
0.0975
0.0362
0.0543
0.0926
0.0686
0.0473
0.3661
1.6101
0.0453
0.3124
0.6076
0.0192
0.0915
0.3377
0.5223
1.0639
1.4152
1.0777
0.8797
1.4791
0.6893
0.6885
0.7954
0.7037
0.6496
0.002
0.0047
0.0862
0.0084
0.0347
0.0322
0.0091
0.0048
0.1001
0.0223
0.0589
0.0596
0.8839
0.8607
0
0.0009
0.0004
0.0001
0.0008
0.0002
0.0019
0.0007
0.001
0.0004
0.0001
0.007
0.0065
0.0061
0.0003
0.0003
0.0001
0.0007
0.0001
0.0478
0.0013
0.0023
0.0667
0.1099
0.0105
0.0208
0.0262
0.1011
0.0551
0.0062
0.0244
0.0299
0.0039
0.029
0.1012
0.0158
0.0122
0.0267
0.0857
0.0212
0.0259
0.0104
0.0182
0.0023
0.0022
0.0403
0.0165
0.0163
0.0109
0.0072
0.1489
0.0173
0.0017
0.4653
0.4994
0.0424
0.9027
0.0228
0.676
0.5384
0.6438
0.4359
0.1581
0.5996
0.648
0.2733
0.088
0.1926
0.3133
0.0269
0.5106
0
0.0104
0.0036
0.0383
0.0107
0.0038
0.0034
0.0645
0.0327
0.0428
0.1308
0.092
0.3843
0.072
0.0144
0.401
0.2499
0.0281
0.0025
0.0189
0.0307
0.0003
0.1192
0.0049
0.0548
0.2461
0.0628
0.2676
0.1567
0.0874
0.008
0.0194
0.1361
0.0005
0.0866
0.0011
0.0865
0.0045
0.5187
0.2056
1.3213
0.1543
0.0007
0.3006
0.1674
0.3893
0.6965
0.0678
0.1523
0.4255
0.0384
0.0075
0.0034
0.2882
0.3978
0.3047
0.006
0.0532
0.2594
0.102
0.1016
0.2197
0.2516
0.3315
0.1756
0.0296
0.6982
0.5161
0.2868
0.0286
0.112
0.0651
0.018
0.3253
1.6264
0.1665
1.2202
0.2333
1.3357
1.3151
0.094
0.0289
0.4492
1.1314
0.0939
0.5195
0.9306
0.2744
0.0997
0.1782
0.4479
0.1475
1.1088
0.9998
0.6489
0.4642
0.1807
1.3824
0.7576
0.1855
0.4775
0.0025
0.1277
0.0668
0.1125
0.0749
0.2902
0.2815
0.6896
0.0659
0.0321
0.2963
0.2334
0.3996
0.0572
0.2602
0.067
0.0406
0.1348
0.0883
0.0504
0.0475
0.017
0.2524
0.0783
0.0177
0.1062
0.3064
0.106
0.0925
0.0574
0.0147
0.0907
0.2559
0.0246
0.0413
0.0259
0.0408
0.1022
0.0482
0.0626
0.0453
0
0.1958
0.1344
0.0384
0.1388
0.0028
0.1289
0.0509
0.0636
0.0232
0.0697
0.0937
0.0381
0.0721
0.003
0.0033
0.0015
0.0179
0.0564
0.0038
0.0002
0.062
0.0232
0.0014
0.0009
0.0009
0.1375
0.0489
0.0077
0.0481
0.2476
0.2914
0.1667
0.0147
0.0181
0.2047
0.1514
0.0175
0.0417
0.0028
0.1253
0.1459
0.0997
0.0783
0.0598
0.1038
0.0669
0.1108
0.0351
0.0012
0.0084
0.0447
0.8784
0.8175
0.2444
0.979
0.0921
0.5894
0.8229
0.2279
0.0354
0.1058
0.0176
0.0276
0.0503
0.192
0.1954
0.0708
0.2926
0.0376
0.0229
0.1852
0.0186
0.0002
0.0002
0.012
0.0848
0.0206
0.0373
0.0651
0.037
0.053
0.0621
0.0232
0.0003
0.0253
0.0605
0.0135
0.033
0.0664
0.1903
0.1075
0.022
0.0051
0.3337
0.2433
0.0136
0.1591
0.1879
0.0213
0.0794
0.026
0.0301
0.0419
0.0019
0.0135
0.1099
0.118
0.1198
0.3294
0.2569
0.0089
0.0199
0.0018
0.0081
0.0072
0.0956
0.0114
0.0098
0.0408
0.0162
0.0027
0.0233
0.0091
0.0346
0.0473
0.0323
0.0369
0.0687
0.0206
0.0028
0.0586
0.0498
0
0.0265
0.2895
0.3942
0.0043
0.9259
0.0236
0.5678
0.1945
0.227
0.6681
0.8701
0.1945
0.0422
0.0203
0.0129
0.0039
0.0495
0.2105
0.2059
0.0797
1.0396
0.4527
0.0456
0
0.2214
0.0897
0.0049
0.285
0.215
0.0075
0.1132
0.0529
0.1819
0.1877
0.0758
0.1368
0.0985
0.0769
0.1676
0.0875
0.1114
0.1258
0.5408
0.1211
0.1245
0.0792
0.0414
0
0.0007
0.0003
0
0.0013
0.0001
0.0033
0.0011
0.0003
0.0024
0.001
0.0012
0.0003
0.0132
0.0011
0.0033
0.0006
0.0015
0.0322
0
0.0001
0
0.0024
0.0627
0.041
0.0114
0.0029
0.0578
0.0034
0.0666
0.023
0.003
0.0918
0.8079
0.1115
0.1074
0.1215
0.138
0.0073
0.009
0.1461
0.0112
0.0982
0.0322
0.3364
0.009
0.0082
0.3042
0.1503
0.0764
0.0436
0.0059
0.001
0.1246
0.0201
0.1031
0.0962
0.1832
0.0058
0.0914
0.0077
0.0337
0.0928
0.0869
0.0181
0.029
0.0321
0.1168
0.2378
0.1905
0.1404
0.0271
0.0214
0.001
0.0008
0.0066
0.0471
0.009
0.0385
0.069
0.4654
0.2071
0.0036
0.0546
0.098
0.0185
0.0382
0.0469
0.0036
0.0018
0.0325
0.0003
0.0289
0.0713
0.082
0.3216
0.0057
0.5661
0.6623
0.4397
0.1188
0.6307
0.4667
0.2129
0.1067
0.3079
0.3285
0.0234
0.3697
0.1806
0.4227
0.0505
0.4026
0.2468
0.2157
0.0942
0.0007
0.087
0.0794
0.1263
0.0761
0.0354
0.0687
0.0713
0.0662
0.0079
0.0902
0.0709
0.1009
0.7327
0.0067
0.9791
1.0834
0.6281
0.1876
0.5563
0.3453
0.3544
0.5964
0.0227
0.327
0.4936
0.2635
0.4089
1.0628
0.6804
0.179
0.0046
0.0411
0.0007
0.0025
0.0001
0.0127
0.0773
0.0003
0.0036
0.0011
0.0482
0.0183
0.0043
0.005
0.0587
0.1184
0.0003
0.2097
0.0027
0.0247
0.0336
0.0379
0.2458
0.362
0.2085
0.0025
0.1118
0.0434
0.0307
0.1594
0.1446
0.0303
0.0547
0.1742
0.0947
0.1695
0.2022
0.1582
0.0131
0.0049
0.2341
0.259
0.0056
0.0043
0.149
0.0243
0.0006
0.0145
0.0024
0.0214
0.1103
0.1495
0.0367
0.0224
0.0141
0.2288
0.047
0.2656
0.1666
0.0558
0.0465
0.2656
0.2466
0.2137
0.0023
0.2044
0.0084
0.0076
0.0556
0.1511
0.2697
0.1758
0.0044
0.1024
0.0659
0.0356
0.0386
0.1597
0.0694
0.0346
0.0491
0.0648
0.0215
0.0262
0.0053
0.0484
0.0227
0.0772
0.1457
0.0915
0.0349
0.1713
0.2431
0.0112
0.2009
0.2099
0.2105
0.1202
0.1988
0.1148
0.1819
0.1544
0.1211
0.0161
0.0025
0.0531
0.0194
0.0109
0.0111
0.1043
0.0684
0.0261
0.0385
0.0765
0.0195
0.0707
0.0513
0.0276
0.0434
0.0331
0.0488
0.0484
0.0173
0.0735
0.0001
0.0765
0.1025
0.0258
0.0708
0.0426
0.0534
0.0115
0.0778
0.0383
0.002
0.1123
0.0017
0.0093
0.1777
0.3525
0.0189
0.22
0.1998
0.0013
0.0063
0.1334
0.0363
0.1775
0.2043
0.0845
0.1296
0.0882
0.0244
0.1075
0.003
0.0314
0.0162
0.0116
0.0005
0.1339
0.0287
0.0067
0.0539
0.0256
0.0004
0.0006
0.0025
0.0033
0.0006
0.1059
0.0806
0.0475
0.1052
0.0085
0.0035
0.6503
0.4642
0.0226
0.3798
0.2305
0.4885
0.3508
0.3309
0.3028
0.1911
0.3229
0.2683
0.2902
0.2843
0.2673
0.5714
0.767
0.3785
0.0186
0.0033
0.0889
0.0698
0.0032
0.2793
0.1175
0.1753
0.0839
0.1343
0.0956
0.004
0.0184
0.0018
0.0949
0.071
0.1772
0.0303
0.0869
0.0023
0.0068
0.0058
0.0797
0.2629
0.0993
0.0953
0.0145
0.0214
0.0058
0.1292
0.0818
0.0061
0.0039
0.0028
0.0554
0.0564
0.1778
0.1621
0.1432
0.0931
0.0724
0.0053
0.0289
0.2274
0.1251
0.0448
0.0429
0.6271
0.3315
0.0806
0.136
0.0532
0.0489
0.0561
0.0116
0.0853
0.0626
0.185
0.0395
0.6566
0.0672
0.1456
0.0001
0.3889
0.0678
0.1664
0.146
0.1416
0.0025
0.0064
0.27
1.0846
0.0015
0.2912
0.204
1.0053
0.2407
0.5026
0.0646
0.2302
0.2377
0.7002
1.5298
0.1665
1.0826
1.637
0.0663
1.1943
0.9741
1.1438
0.9319
0.0075
0.049
1.0242
0.0873
0.5033
0.2499
0.5336
0.5891
0.6856
0.2926
0.0071
0.0177
0.0253
0.0287
0.0303
0.0912
0.0268
0.0137
0.0013
0.0263
0.0133
0.0069
0.0131
0.0278
0.0212
0.3235
0.0086
0.0022
0.0078
0.032
0.085
0.0175
0.18
0.2888
0.0211
0.0523
0.186
0.3113
0.0263
0.0703
0.0909
0.0104
0.0042
0.0153
0.0926
0.0073
0.0001
0.0135
0.0649
0.064
0.0258
0.0145
0.0335
0.0076
0.0073
0.0909
0.0058
0.0089
0.0145
0.0157
0.0076
0.0078
0.0071
0.0081
0.0093
0.0319
0.0338
0.0273
0.1153
0.0414
0.0644
0.0362
0.0168
0.0341
0.0241
0.0833
0.0162
0.0308
0.0414
0.0072
0.0306
0.0259
0.0527
0.0426
0.0449
0.03
0.2644
0.0036
0.1793
0.1621
0.2499
0.0219
0.7925
0.5145
0.0164
0.6871
0.3448
0.058
0.0354
0.4897
0.2186
0.0805
0.0395
0.081
0.1407
0.2391
0.593
0.9805
0.1779
0.1217
0.6345
0.0368
0.3638
0.0504
0.0548
0.1748
0.007
0.008
0.0423
0.0014
0.0765
0.0257
0.0011
0.1202
0.0001
0.2133
0.1649
0.0814
0.0764
0.1615
0.0042
0.0122
0.0002
0.9742
0.2932
0.0083
0.0469
0.0774
0.0155
0.0014
0.0045
0.0012
0.0062
0.0056
0.0165
0.0086
0.028
0.2173
0.0098
0.0069
0.2004
0.2936
0.1673
0.0077
0.3919
0.0947
0.1318
0.9237
0.7773
0.8709
0.053
0.7516
0.7981
0.4771
0.46
0.0232
0.0235
0.8979
0.0501
0.2007
1.2686
0.0048
0.369
0.3234
0.0498
0.9678
0.0414
0.2904
0.0342
0.0472
0.2298
0.2353
0.0541
0.0128
0.0114
0.0051
0.0109
0.0039
0.054
0.1148
0.113
0.0053
0.0006
0.0153
0.3651
0.0386
0.0079
0.0049
0.1929
0.0489
0.1104
0.0084
0.1168
0.0511
0.0095
0.0174
0.796
0.0882
0.0196
0.8069
0.0756
0.1724
0.0991
0.2114
0.0211
0.5807
0.1063
0.0004
0.0106
0.0886
0.3915
0.208
0.0098
0.2239
0.014
0.3423
0.2942
0.1428
0.2643
0.6607
0.0858
0.7548
1.0773
0.2518
0.1133
0.0543
0.001
0.1813
0.0908
0.3359
0.1742
0.0292
0
0.0878
0.031
0.2581
0.0598
0.2773
0.0757
0.8633
0.2916
0.0047
0.05
0.0692
1.0165
0.4004
0.063
0.0297
0.0463
0.0009
0.0727
0.0104
0.036
0.0131
0.0029
0.0099
0.0133
0.037
0.001
0.0995
0.2957
0.0048
0.0279
0.0046
0.0451
0.0055
0.0562
0.0182
0.2682
0.0921
0.051
0.223
0.0175
0.0263
0.0043
0.8182
0.0284
0.1436
0.0039
0.0132
0.0035
0.0056
0.0184
0.0005
0.0006
0.0017
0.0018
0.0053
0.0491
0.0256
0.0017
0.0022
0.0027
0.0005
0.0012
0.0059
0.0153
0.2199
0.2533
0.6507
0.2872
0.2587
0.0314
0.0478
0.0188
0.0634
0.0148
0.0695
0.3773
0.181
0.0777
0.1711
0.0414
0.954
0.1138
0.1519
0.618
0.306
0.0237
0.4824
0.7117
0
0.2937
0.3689
0.1966
0.0913
0.2928
0.0493
0.53
0.2942
0.6487
0.4588
0.2235
0.7255
0.003
0.2727
0.1651
0.1325
0.0316
0.0122
0.1692
0.047
0.0368
0.062
0.1961
0.0343
0.1782
0.0479
0.0147
0.5828
0.6437
0.2547
0.2722
0.006
0.0035
0.001
0.7069
0.561
0.263
0.4407
0.1208
0.0132
0.0247
0.5474
0.231
0.4161
1.1778
1.1076
0.0148
0.0887
0.0294
0.0777
0.2194
0.0052
0.0311
0.0946
0.0511
0.1514
0.0651
0.0165
0.1239
0.0657
0.2045
0.0376
0.2265
0.0094
0.2368
0.0062
0.0448
0.2849
0.2765
0.1022
0.237
0.0444
0.0124
0.0171
0.0359
0.0138
0.018
0.0681
0.0003
0.0583
0.4501
0.4459
0.0572
0.1132
0.0088
0.2459
0.2737
0.4208
0.9762
0.0137
0.1052
0.6842
0.2124
0.2212
0.4269
0.2024
0.0051
0.0102
0.1179
0.0107
0.2124
0.0594
0.2906
0.1911
0.1137
0.1467
0.0096
0.4364
0.4422
0.1101
0.1203
0.5172
0.5233
0.1255
0.0216
0.0681
0.0245
0.115
0.0311
0.0431
0.0571
0.0692
0.1173
0.1987
0.3054
0.18
0.1021
0.2048
0.0015
0.0119
0.0042
0.0086
0.0206
0.0023
0.0028
0.0019
0.0006
0.0003
0.005
0.0086
0.0084
0.0028
0.0076
0.0039
0.0018
0.0067
0.0075
0.0021
0.0126
0.0082
0.0072
0.0008
0.0069
0.0014
0.0004
0.0054
0.0065
0.0005
0.0525
0.0195
0.0242
0.0318
0.0202
0.09
0.0182
0.0239
0.037
0.0119
0.0096
0.0001
0.0026
0.0072
0.0116
0.024
0.0048
0.0016
0.0035
0.0007
0.0027
0.3567
0.1611
0.0209
0.4773
0.0336
0.0176
0.0043
0.0277
0.0475
0.0227
0.0175
0.004
0.0321
0.0343
0.0245
0.0017
0.0132
0.0002
0.0027
0.0025
0.0085
0.0288
0.0253
0.0063
0.0178
0.0267
0.0085
0.0108
0.0209
0.0498
0.0427
0.0009
0.0361
0.0065
0.0515
0.0075
0.0097
0.0159
0.0021
0.0025
0.0059
0.0005
0.0013
0.0068
0.011
0.0073
0.0144
0.0073
0.0104
0.0007
0.0023
0.0015
0.0031
0.0064
0.0036
0.0152
0.0167
0.0163
0.0526
0.0803
0.0927
0.0053
0.0102
0.0076
0.0507
0.0211
0.0123
0.0103
0.0143
0.0092
0.0649
0.0066
0.0413
0.1123
0.1436
0.0078
0.0266
0.0017
0.1005
0.0707
0.053
0.0067
0.0023
0.0026
0.0303
0.001
0.0412
0.0178
0.0127
0.0148
0.0583
0.0103
0.0167
0.2566
0.0252
0.0227
0.0294
0.0331
0.148
0.0735
0.0058
0.0116
0.0049
0.051
0.0368
0.0499
0.0526
0.0095
0.006
0.016
0.0136
0.0012
0.014
0.0188
0.0044
0.042
0.021
0.0124
0.0119
0.0013
0.0163
0.0102
0.0132
0.0247
0.0012
0.0125
0.0011
0.0033
0.0016
0.0035
0.0004
0.0057
0.0119
0.0001
0.0189
0.0034
0.284
0.0255
0.1166
0.1113
0.1182
0.0941
0.0337
0.048
0.02
0.0463
0.0333
0.0171
0.0031
0.0888
0.0015
0.1029
0.1438
0.0249
0.4599
0.0713
0.0027
0.0029
0.0285
0.0107
0.0441
0.0021
0.0188
0.1101
0.3323
0.0277
0.0485
0.911
0.0116
0.0367
0.0452
0.0368
0.0393
0.057
0.0085
0.0096
0.2232
0.0014
0.0034
0.0043
0.003
0.0447
0.0028
0.2121
0.0338
0.2434
0.257
0.0278
1.0679
0.8036
1.0677
0.0001
0.0069
0.0006
0.0167
0.0218
0.0243
0.0004
0.0012
0.0017
0.0002
0.0002
0.0008
0.0002
0.0008
0.0002
0.0014
0.0001
0.152
0.0005
0.0011
0.0003
0.1604
0.0009
0.159
0.0001
0.1432
0.0001
0.1428
0
0
0
0.0001
0.133
0.0111
0.4371
0.2968
0.2589
0.004
0.1907
0.1492
0.2227
0.1577
0.1782
0.0831
0.3441
0.0742
0.1865
0.0662
0.0556
0.2523
0.0919
0.081
0.1057
0.0486
0.0835
0.1038
0.0634
0.089
0.1439
0.0732
0.0909
0.0663
0.0756
0.0463
0.2758
0.1715
0.6578
0.0759
0.0769
0.0652
0.2817
0.0657
0.0892
0.1684
0.1139
0.8142
0.9675
0.1004
0.0615
0.024
0.0676
0.0511
0.0346
0.0735
0.0033
0.0063
0.104
0.1275
0.1404
0.0405
0.026
0.1268
0.0005
0.0454
0.0476
0.1649
0.1384
0.0158
0.2079
0.3019
0.4259
0.4727
0.5258
0.0093
0.0141
0.1413
0.5589
0.0122
0.0396
0.0191
0.1646
0.0281
0.2123
0.1363
0.326
0.0297
0.0228
0.0067
0.0007
0.0202
0.0343
0.027
0.0135
0.0237
0.253
0.0045
0.0103
0.0238
0.1159
0.0738
0.1722
0.2984
0.2728
0.0002
0.1148
0.0299
0.0037
0
0.0002
0.0001
0.0001
0.0021
0.0003
0.0006
0.0007
0.0022
0.0005
0.0029
0.0004
0.0015
0.0019
0
0.0011
0.0019
0.001
0.0004
0
0.0001
0.0006
0.0643
0.0159
0.0203
0.1292
0.0068
0.0137
0.0124
0.0146
0.0089
0.0064
0.0019
0.0001
0.0047
0.0224
0.0002
0.015
0.003
0.0025
0.0081
0.0283
0.0024
0.0007
0.0054
0.1248
0.2207
0.2432
0.0023
0.0655
0.1316
0.1953
0.0985
0.0369
0.0479
0.0248
0.0666
0.0156
0.0345
0.0152
0.0307
0.0265
0.0981
0.0517
0.0152
0.0755
0.0211
0.0587
0.0528
0.1012
0.2416
0.8667
0
0.0507
0.0325
0
0.003
0
0.0251
0.01
0.1325
0.0199
0.0191
0.0376
0.0294
0
0
0.0448
0.003
0.0492
0.0201
0.0162
0.0031
0.0874
0.019
0.0547
0.0833
0.0828
0.0033
0.0099
0.0029
0.0019
0.026
0.0174
0.0016
0.0025
0.1452
0.0636
0.2076
0.0003
0.0023
0.0038
0.0162
0.1901
0.0235
0.4981
0.307
0.0334
0.395
0.2894
0.097
0.3307
0.0702
0.073
0.0271
0.2509
0.0595
0.0069
0.1225
0.0658
0.0938
0.1822
0.1839
0.0542
0.0021
0.0001
0.0017
0
0
0.0516
0.0572
0.0001
0.0426
0
0
0.0006
0.0026
0.0181
0.0027
0.0473
0.0312
0.0146
0
0.0052
0.1366
0.0127
0
0
0.0592
0.1341
0.5065
0.2117
0.0008
0.0794
0.3656
0.2701
0.0162
0.0025
0.009
0.0067
0.0012
0.1309
0.0044
0.0343
0.0029
0.0589
0.0477
0.3482
0.096
0.1166
0.1831
0.0114
0.6698
0.0019
0.0165
0.0268
0.05
0.0403
0.2757
0.3092
0.3416
0.416
0
0
1.0447
0.0138
0.0462
0.0218
0.0538
0.2595
0.2868
0.0017
0.6913
0.0773
0.0005
0.0254
0.0347
0.6905
0.1895
0.6881
0.4335
0.7393
0.4429
0.1447
1.0473
0.898
1.4591
1.4323
0.4252
0.0427
0.031
0.0041
0.0156
0.0011
0.0047
0.024
0.0095
0.0133
0.0092
0.0045
0.0079
0.23
0.0068
0.0195
0.2219
0.3287
0.0156
0.0032
0.0751
0.0156
0.0103
0.0906
0.0124
0.0267
0.008
0.0075
0.0451
0.6158
0.0497
0.0016
0.0007
0.1753
0.0158
0.0226
0.0877
0.0058
0
0.0021
0.0018
0.0025
0.0043
0.006
0.0279
0.1983
0.0537
0.0011
0.0067
0.0009
0.0018
0.0027
0.0018
0.0071
0.0187
0.0726
0.0843
0.0004
0.0614
0.0057
0.0323
0.0001
0.0323
0.001
0.0166
0.0001
0.0733
0.0328
0.0014
0.0127
0.0295
0.0043
0.3892
0.0133
0.052
0.0001
0.1103
0.0234
0.0012
0.0048
0.0226
0.0334
0.0053
0.0127
0.0288
0.0017
0.0037
0.0241
0.0153
0.0032
0.0049
0.0004
0.1015
0.239
0.3593
0.0308
0.0807
0.1463
0.0922
0.2375
0.1907
0.0653
0.0267
0.0366
0.0687
0.0415
0.0964
0.0675
0.0054
0.0432
0.021
0.0222
0.0328
0.0171
0.0453
0.0124
0.0205
0.008
0.0235
0.0145
0.0015
0.0186
0.0285
0.0033
0.039
0.2408
0.6361
0.4447
0.3936
0.0295
0.6065
0.0723
0.0486
0.0062
0.0086
0.1296
0.0889
0.1744
0.196
0.0842
0.0521
0.2024
0.2001
1.1131
0.7926
0
0.2407
0.0066
0
0.2248
0.7858
0.0046
0.0557
0.0062
0.0001
0.007
0.0101
0.0052
0.0001
0.0959
0.0354
0.0439
0.0085
0.034
0.0118
0.225
0.0502
0.0221
0.0244
0.0442
0.0022
0.0014
1.0188
0.007
0.0243
0.0018
0.0038
0.0046
0.0078
0
0.0036
0.0003
0.0185
0.0034
0.0001
0.0002
0.1379
0.3619
0.2683
0.1674
0.0214
0.003
0.067
0.0613
0.1069
0.0015
0.0088
0.1441
0.1263
0.1006
0.0074
0.0584
0.0009
0.0169
0.0509
0.0443
0.0154
0.0008
0.0008
0.6591
0.5771
0.9451
0.6374
0.8197
0.3868
0.1255
0.034
0.124
0.2648
0.486
0.3462
0.4529
0.6425
0.4247
0.0029
0.1847
0.0342
0.0073
0.0555
0.1115
0.036
0.0664
0.0085
0.0105
0.0218
0.0086
0.0018
0.0054
0.0008
0.001
0.0008
0.0056
0.0007
0.0018
0.0156
0.0008
0.0721
0.0007
0.0034
0.0021
0.0008
0.0003
0.0478
0.0004
0.0002
0.0005
0.0113
0.0378
0.0041
0.0025
0.0028
0.0154
0.0021
0.0071
0.0013
0.0028
0.005
0.0143
0.0009
0.0107
0
0.0003
0
0
0.0043
0.0021
0.0002
0
0.0001
0.0571
0
0.0266
0.0147
0.2823
0.0561
0.006
0.0407
