8.793165144264630806e-01
8.588788760898549146e-01
8.094771985973948647e-01
7.453433999069630778e-01
6.832962654171359507e-01
6.449427118296555683e-01
6.189544278319507598e-01
6.046777519421997482e-01
5.962432620040041265e-01
5.862224428403015608e-01
5.684134094999632181e-01
5.459003075373690672e-01
5.283987513402802483e-01
5.203372768277338967e-01
5.116838456515733213e-01
5.018926364304723275e-01
4.980511117568871549e-01
5.062412134230308558e-01
5.203075123080768138e-01
5.256352030449811252e-01
5.245800795767765479e-01
5.213099235945533039e-01
5.188100663588761652e-01
5.162297195373494185e-01
5.137185879321433113e-01
5.136409978552672895e-01
5.180214000071872160e-01
5.256649714668848450e-01
5.317620028934101351e-01
5.315010453528621337e-01
5.267224318450335341e-01
5.242662629749379466e-01
5.262216954303851058e-01
5.281724534597047604e-01
5.267929539038799236e-01
5.245715702622962828e-01
5.253800017322024507e-01
5.284080801858073162e-01
5.287127741064417963e-01
5.197167794590278334e-01
5.024623217638534145e-01
4.851431287064956188e-01
4.734862196220251396e-01
4.662976788752313251e-01
4.596788799558316208e-01
4.537046736134975333e-01
4.513909646834498579e-01
4.525627579620927210e-01
4.518057547598706702e-01
4.440781711549218747e-01
4.312960435723280916e-01
4.201723700083425661e-01
4.141782787278189826e-01
4.100930985162170583e-01
4.050270358360796852e-01
4.003596312284090630e-01
3.985884900123212171e-01
3.984000702908682690e-01
3.957027560974886726e-01
3.889404129906761098e-01
3.809859577108090090e-01
3.742152277452236997e-01
3.686286028055739683e-01
3.630418047566397188e-01
3.582067418088236144e-01
3.558341610860745186e-01
3.551595061203068893e-01
3.539118315629780076e-01
3.513477434149241407e-01
3.486595698634631368e-01
3.459905613159091620e-01
3.422587852792082219e-01
3.371637864393517980e-01
3.325214553248646010e-01
3.291464878416152096e-01
3.264815147711195853e-01
3.243480916117443269e-01
3.231985787017498946e-01
3.227287365906947314e-01
3.214821332562394773e-01
3.190080236811339565e-01
3.166230199970848647e-01
3.148604107082600412e-01
3.129897889947009793e-01
3.112106224457426018e-01
3.104717333236939880e-01
3.106317022073610268e-01
3.103379409483060791e-01
3.093599826334603731e-01
3.081676782841854534e-01
3.065466504308539952e-01
3.044087972835572975e-01
3.024742172297832932e-01
3.010100700059431533e-01
2.997486983322902310e-01
2.986117810857143451e-01
2.970533446557209745e-01
2.950448666783995200e-01
2.929927036452940059e-01
2.910558284250845951e-01
2.889430053977534718e-01
2.872351190763482998e-01
2.854772232943392773e-01
2.840646792799438880e-01
2.817412024486876665e-01
2.804774008201748603e-01
2.773058166991559936e-01
2.770888946805393771e-01
2.739895728678476972e-01
2.726150946433708033e-01
2.722804959023933380e-01
2.695579960290429566e-01
2.692705182730268931e-01
2.682105556065720875e-01
2.659912802062142645e-01
2.659439737563119022e-01
2.640694050888446887e-01
2.626295032116900408e-01
2.626112664653656448e-01
2.605707338215277336e-01
2.598547954975177765e-01
2.591754247043997483e-01
2.569898942851840395e-01
2.565191913350213238e-01
2.550459556261105987e-01
2.537175900614406232e-01
2.535326935662265413e-01
2.519782230116458521e-01
2.517182898191595020e-01
2.509613798079913249e-01
2.498196212010271033e-01
2.498042780555485842e-01
2.485413491508405570e-01
2.483686181561050033e-01
2.476251073505587874e-01
2.468476319535339025e-01
2.464793939400101719e-01
2.452926339137708744e-01
2.451919346457522020e-01
2.441764461944207765e-01
2.439407328078555537e-01
2.432102804751418712e-01
2.426478412441722410e-01
2.421217658943818629e-01
2.412874599641806339e-01
2.409638891581842579e-01
2.399119988798641134e-01
2.397640117960722628e-01
2.384060629612472781e-01
2.387305511227077737e-01
2.369014860789352417e-01
2.378304121849938724e-01
2.351858216301337401e-01
2.371427378869552238e-01
2.334798580479453267e-01
2.355003058215721645e-01
2.331427090200927366e-01
2.326274471080023720e-01
2.333584926483994459e-01
2.304491739362508618e-01
2.321780473026738567e-01
2.297201914840717729e-01
2.299065856067983860e-01
2.297483301779296161e-01
2.278173690386226524e-01
2.292024812679187840e-01
2.268577506224846163e-01
2.275028328173190340e-01
2.268082918676412041e-01
2.256245942690031370e-01
2.264241974966177406e-01
2.245292110408117492e-01
2.255559286143227482e-01
2.240519863996584815e-01
2.241219884032633058e-01
2.237355835200656451e-01
2.224683127225710599e-01
2.230300917575322728e-01
2.211708141003556893e-01
2.219304620075578105e-01
2.200851965865212589e-01
2.205832509094714511e-01
2.189978254611571196e-01
2.190987264781986688e-01
2.182617708963765502e-01
2.179320185559969758e-01
2.177104386479631892e-01
2.169560521189045077e-01
2.169998827544308007e-01
2.157099477300921941e-01
2.162249367962632007e-01
2.141552261376608868e-01
2.157208556087912565e-01
2.123440186177221745e-01
2.158069777538746126e-01
2.099840045730563542e-01
2.160671795568419873e-01
2.084749150762059133e-01
2.141200754019240704e-01
2.105790876580227178e-01
2.095932839852848173e-01
2.134369151684833710e-01
2.073185067392495917e-01
2.122460267079347151e-01
2.084797581690906176e-01
2.082928822125750534e-01
2.104331155416698240e-01
2.059069945315137040e-01
2.099300084309309311e-01
2.058394880090758106e-01
2.069428022418220436e-01
2.069218873650049972e-01
2.040997252114505056e-01
2.073067361158219268e-01
2.031772972433787128e-01
2.053205073220393806e-01
2.035125954589079578e-01
2.027413091605989037e-01
2.037893800937265743e-01
2.008043609199657020e-01
2.031630114567715417e-01
2.000249046771203354e-01
2.016963934642994616e-01
1.999647898355841336e-01
1.997000135295272094e-01
1.999528095931497607e-01
1.980308265865076411e-01
1.995612417414671658e-01
1.969750317085132985e-01
1.986758131325063736e-01
1.961465352637727921e-01
1.975857916703007144e-01
1.957913971956201371e-01
1.963963444119743440e-01
1.955157153180707985e-01
1.952454439652578366e-01
1.951049591197991928e-01
1.941206393006268960e-01
1.945599381572651332e-01
1.930286573294675290e-01
1.940905165879296401e-01
1.918995732776264118e-01
1.936634374229147804e-01
1.905948944813226631e-01
1.935325695011913261e-01
1.889817852331578951e-01
1.940636628680342257e-01
1.868420617873902678e-01
1.957993839488449406e-01
1.844277046695208533e-01
1.980920117203436304e-01
1.830398648295943065e-01
1.962909594551481562e-01
1.851120427227832266e-01
1.888766806959862321e-01
1.905100019217078333e-01
1.838092460864653721e-01
1.932084776164726403e-01
1.836841783346516987e-01
1.883933350067847901e-01
1.882744610340113256e-01
1.837197249712094194e-01
1.916154177404557624e-01
1.835691034996362880e-01
1.877854681687196325e-01
1.871167339758682546e-01
1.835157870039915151e-01
1.894349846084087963e-01
1.831947319573082877e-01
1.859634209806591554e-01
1.854913522537553483e-01
1.824083493016298851e-01
1.869588561078230626e-01
1.821616675973989907e-01
1.848924344989351098e-01
1.844384407571513507e-01
1.822747991511902421e-01
1.858494515582528872e-01
1.816493702508482633e-01
1.840632883622480009e-01
1.827096339286007898e-01
1.814456799127116549e-01
1.834186822113788307e-01
1.800368196561739909e-01
1.822498094335771868e-01
1.803074120941307312e-01
1.802728471408895639e-01
1.810472234862660901e-01
1.789148646705496226e-01
1.809530092305910443e-01
1.786955175453489586e-01
1.798017245100536621e-01
1.791768892654163892e-01
1.785527313544797434e-01
1.796123175560893903e-01
1.777678433802457048e-01
1.792945750328864829e-01
1.775263494765062511e-01
1.783660624431894215e-01
1.776487348605630956e-01
1.772066500697300762e-01
1.775586333353909307e-01
1.761806400047180310e-01
1.770904360495008101e-01
1.754647385586395325e-01
1.763506186405864040e-01
1.751349518823094586e-01
1.755498702759143159e-01
1.749634999688693127e-01
1.747367484711885022e-01
1.747651589381904458e-01
1.740711200833475747e-01
1.745440156925093522e-01
1.734775689767618090e-01
1.742153762267507622e-01
1.729279142878417108e-01
1.738736229156963020e-01
1.724294774244051753e-01
1.735719211306490650e-01
1.719200262461889062e-01
1.733572593144907803e-01
1.712998374879569352e-01
1.732313113810557692e-01
1.704473594937515046e-01
1.733680715896739333e-01
1.693700921239981727e-01
1.740190609284103795e-01
1.679513085471888711e-01
1.755805238381261679e-01
1.663042812864910514e-01
1.779964719523671191e-01
1.648987248096366043e-01
1.797423771528171010e-01
1.646757908187627961e-01
1.761741723422665107e-01
1.666923471948809354e-01
1.690973312148418561e-01
1.719886375451027405e-01
1.650846311061646143e-01
1.743671544620517821e-01
1.652801192995178026e-01
1.705978224384429587e-01
1.693742011940604641e-01
1.660777672972324204e-01
1.722904044524509459e-01
1.653943203280995311e-01
1.701407635600591106e-01
1.678873445694388511e-01
1.665408129679250282e-01
1.706966155371907046e-01
1.653788441813124899e-01
1.693856828127836833e-01
1.667679008114628936e-01
1.664581191479580224e-01
1.691419410525635825e-01
1.652480688728116542e-01
1.687011548402651273e-01
1.660258708720116494e-01
1.664217961138850788e-01
1.676983554254121433e-01
1.648406510734842512e-01
1.677605071513950385e-01
1.649399095202039867e-01
1.659125414442378099e-01
1.657973179388161078e-01
1.641904143033338370e-01
1.662602295282659404e-01
1.637202469043164133e-01
1.653629153785091122e-01
1.641442055755730767e-01
1.640053070166292148e-01
1.648782017181464610e-01
1.631783868130892434e-01
1.648774176575127925e-01
1.630370517100005467e-01
1.640265003846421987e-01
1.633065752319029229e-01
1.629079861109845873e-01
1.634961762489849368e-01
1.620549483986981620e-01
1.631521378205434969e-01
1.616194329900909887e-01
1.624327963312077183e-01
1.616292010792062250e-01
1.616978214322007945e-01
1.617327958343791339e-01
1.610116658768001863e-01
1.616846932209428933e-01
1.605389356783797350e-01
1.613626915321206834e-01
1.602201207847812059e-01
1.608517049464961712e-01
1.599921734863617440e-01
1.602333454024219006e-01
1.598048924746654220e-01
1.596863571834258033e-01
1.596416705490775190e-01
1.591660575310851200e-01
1.593994167138962081e-01
1.586947102301018708e-01
1.591567771896238159e-01
1.582377089787155300e-01
1.588982713735269670e-01
1.578000466197790608e-01
1.586621105907428941e-01
1.573392109458763843e-01
1.584432288965704760e-01
1.568266796328096901e-01
1.582646899446371602e-01
1.561639108524325026e-01
1.581946507431167825e-01
1.553681526319749262e-01
1.583942637576788715e-01
1.544181130887384290e-01
1.590630991705067054e-01
1.533137085158448876e-01
1.603419030743119811e-01
1.519009757909025871e-01
1.622981167067392427e-01
1.504809087827662928e-01
1.647832825641562249e-01
1.499956276089486340e-01
1.652970917213662516e-01
1.507879517025622895e-01
1.598688896201579113e-01
1.546916139380374033e-01
1.533767852254522834e-01
1.601766080785398949e-01
1.510916172067458818e-01
1.598035528452974863e-01
1.527903441553558894e-01
1.544958431677338206e-01
1.570577888438779157e-01
1.515810283889572063e-01
1.581351604308218195e-01
1.522910601437356959e-01
1.544356665866331579e-01
1.552886605461098746e-01
1.515109677574530411e-01
1.560979269258216118e-01
1.514272650143870247e-01
1.532370125695305674e-01
1.535551497485002082e-01
1.508154281049893242e-01
1.544456545310572415e-01
1.508221181140891876e-01
1.524632580580828345e-01
1.525352405018583490e-01
1.505987031824884970e-01
1.534291729616314992e-01
1.504918986521498470e-01
1.520910318544726192e-01
1.517036426121345372e-01
1.503949967427974654e-01
1.523970515257277725e-01
1.497996306980174108e-01
1.513368481620616379e-01
1.502342162779490842e-01
1.497531013492096608e-01
1.508047185017979408e-01
1.488946066564345305e-01
1.504725811345081210e-01
1.489824681822440877e-01
1.494881724360661857e-01
1.495410448848445983e-01
1.486055184491807957e-01
1.497464029429116661e-01
1.482403791811907068e-01
1.492255205013085784e-01
1.483659432207417861e-01
1.484184292452384590e-01
1.486619268611856781e-01
1.477684317942525305e-01
1.486573891279676651e-01
1.475711714048273671e-01
1.482624650330198190e-01
1.476812710046637167e-01
1.476988545385553853e-01
1.478706987816015006e-01
1.472165131286943818e-01
1.478229931563048161e-01
1.469440686733119728e-01
1.475498737216930645e-01
1.468667768425209741e-01
1.470802105461450349e-01
1.468485952865168920e-01
1.466013586651606637e-01
1.467837837980952020e-01
1.462068863877767355e-01
1.466125951825322793e-01
1.459049959463787627e-01
1.462850745023508425e-01
1.456872831379752153e-01
1.459322040292234668e-01
1.455517241445394294e-01
1.455583987848263483e-01
1.454132597669164362e-01
1.452151768576615820e-01
1.452695930607126040e-01
1.448876302450776699e-01
1.450692831516849080e-01
1.445724341188377171e-01
1.448230756063123570e-01
1.442589832247930526e-01
1.445686827627825632e-01
1.439820416533410807e-01
1.443139341295959222e-01
1.436889712098314009e-01
1.440679601447278635e-01
1.434079182853240098e-01
1.438669215742948704e-01
1.431037949285744182e-01
1.436807514576892708e-01
1.427314417046320338e-01
1.435217453819645217e-01
1.422986149033314551e-01
1.434408980942577516e-01
1.417540708983971998e-01
1.434966801003782766e-01
1.410261985405952545e-01
1.437814511226717940e-01
1.400340822546258801e-01
1.445470380881022920e-01
1.388007379573602540e-01
1.461980013037583459e-01
1.374998431518363595e-01
1.490261719279374342e-01
1.365192421617014984e-01
1.520977516743969304e-01
1.361132975577782345e-01
1.530636111126618959e-01
1.362827533606134622e-01
1.484415618873920484e-01
1.402960807987150282e-01
1.407310132393217172e-01
1.476233444388920235e-01
1.374414245683249491e-01
1.482002095631020366e-01
1.389064134637932324e-01
1.415998370787146243e-01
1.444446423740260999e-01
1.380630383428848862e-01
1.462280590348969123e-01
1.393422172043257412e-01
1.416486776317729956e-01
1.435826067711269693e-01
1.382899356148833414e-01
1.440355993934756551e-01
1.388976403003424620e-01
1.398871952610907243e-01
1.417107156396460732e-01
1.376072680276035631e-01
1.419134536289703985e-01
1.385608264001348955e-01
1.389535071191470572e-01
1.409472562572364751e-01
1.375486468743803703e-01
1.409267856678826369e-01
1.385931991387620021e-01
1.386480285166577509e-01
1.403169001489975865e-01
1.373884104251071880e-01
1.399841457532152167e-01
1.379900054682552391e-01
1.380336794722786531e-01
1.390683025882945567e-01
1.368826000371905494e-01
1.389637308262339499e-01
1.372377015222773777e-01
1.375773459979588720e-01
1.380854609234874464e-01
1.365188500858756648e-01
1.381438920615172261e-01
1.364493115094649600e-01
1.371004222569337794e-01
1.369455234282385969e-01
1.360477948418628291e-01
1.371842372902043472e-01
1.357496760252682733e-01
1.366835019601376489e-01
1.359971124058745873e-01
1.357939238553945716e-01
1.362919879880116480e-01
1.352243309234644753e-01
1.361121311756259278e-01
1.350857931282321012e-01
1.354763534554900006e-01
1.352381815285504385e-01
1.347981256221780222e-01
1.352904834988263028e-01
1.343896751727190753e-01
1.350284331595804632e-01
1.342870023295368587e-01
1.345639742394036109e-01
1.343647702904933183e-01
1.340597008903654519e-01
1.343418740500371134e-01
1.336816520240104167e-01
1.341615202088534964e-01
1.335008665139440498e-01
1.338211752879322480e-01
1.334319902122710066e-01
1.333812542752477737e-01
1.333436645867108750e-01
1.329784888919319785e-01
1.331951466931664552e-01
1.326361626664800120e-01
1.329324447354036376e-01
1.324076186951151091e-01
1.326267493279277010e-01
1.322143182093995784e-01
1.322641787678300596e-01
1.320343015259562158e-01
1.318957522528038107e-01
1.318431621841689716e-01
1.315591488191533154e-01
1.316172873708681412e-01
1.312344625151865285e-01
1.313763785535267958e-01
1.309686318537712502e-01
1.311500094280506901e-01
1.307253474600511833e-01
1.308993476366012154e-01
1.304860920378481948e-01
1.306518210718102813e-01
1.302462596048173382e-01
1.303872349336472891e-01
1.299626721617734015e-01
1.301143789296952125e-01
1.296676230922446382e-01
1.298719388571385747e-01
1.293431549923141910e-01
1.296341136811420824e-01
1.289976758149005698e-01
1.294644091262605323e-01
1.286272763513106043e-01
1.293462990470823915e-01
1.281886081885952045e-01
1.293355973859524055e-01
1.276161030913336714e-01
1.294433132316244739e-01
1.267875287443007704e-01
1.298557011762735414e-01
1.257682960859084209e-01
1.308285977603891315e-01
1.243176462498942203e-01
1.323179371773664237e-01
1.225103772400921165e-01
1.344413492806371679e-01
1.210435528811194400e-01
1.368640779747337111e-01
1.206158374944893419e-01
1.391624507692203194e-01
1.212447527477071713e-01
1.364423224350365116e-01
1.245189623218831976e-01
1.288160509456953429e-01
1.313133896881444052e-01
1.232106183668442712e-01
1.345161673796335666e-01
1.230681809089858997e-01
1.309314623289190016e-01
1.269250521535678355e-01
1.249774647077654538e-01
1.319138796213460141e-01
1.237675094683242938e-01
1.310811119429135807e-01
1.262192789218250233e-01
1.269572258131599907e-01
1.307407752058376282e-01
1.245193448239874101e-01
1.305202634879824297e-01
1.258030942067232261e-01
1.273423128013247418e-01
1.285945108536609427e-01
1.246178399921987617e-01
1.294536236287464614e-01
1.252235217476568852e-01
1.274700235997084374e-01
1.272473513316778881e-01
1.250751122947505178e-01
1.284549507914827249e-01
1.245186952629152993e-01
1.269900214388087201e-01
1.254188623464573549e-01
1.250381449294974967e-01
1.266958272458667267e-01
1.238945026797261956e-01
1.264992026066445452e-01
1.241727540711132088e-01
1.250470039939911848e-01
1.248968842279979535e-01
1.235795150581960045e-01
1.251639248397801440e-01
1.229346141805788550e-01
1.244562212807127644e-01
1.230053820156368910e-01
1.232693775862532676e-01
1.234663276639290930e-01
1.223298777647527785e-01
1.235562324150583369e-01
1.219326802917061053e-01
1.230811005970391947e-01
1.219864263092534512e-01
1.223019347816944463e-01
1.222763462174061705e-01
1.216582014176120219e-01
1.224937479487606951e-01
1.213443061726075800e-01
1.224196297943018069e-01
1.213806361081363888e-01
1.220519613158152356e-01
1.214690134471256150e-01
1.214739382193354145e-01
1.215415746534660169e-01
1.209159135905647775e-01
1.214213248497938991e-01
1.205268538797692746e-01
1.211861264400881100e-01
1.203236877637986618e-01
1.207991566554494356e-01
1.202313658528375573e-01
1.204083427320899596e-01
1.201850336759975046e-01
1.199973844988932309e-01
1.201321849289599120e-01
1.196715998652823493e-01
1.199905995456164720e-01
1.193728297563691060e-01
1.198372449436926196e-01
1.191453675644952304e-01
1.196203165019763676e-01
1.189506965065748045e-01
1.194075479150690788e-01
1.187629713694532824e-01
1.191394951792557472e-01
1.185619976572550999e-01
1.188840880301761105e-01
1.183539252204553471e-01
1.186293899960700199e-01
1.181615761791349056e-01
1.184099923972344315e-01
1.179443673318694152e-01
1.182062734777846874e-01
1.177225891111629563e-01
1.180190631566486043e-01
1.174529665359480141e-01
1.178401967002153106e-01
1.171491739526518000e-01
1.177085846890116444e-01
1.168113917427725662e-01
1.176682719721264397e-01
1.164371792894789703e-01
1.177587285105771708e-01
1.159457224894251959e-01
1.180202869424835516e-01
1.152349645109587706e-01
1.185926409771834722e-01
1.141426672893966349e-01
1.196594212335078955e-01
1.125775768660197546e-01
1.214017482297488348e-01
1.105087324424345319e-01
1.239285837392706396e-01
1.086718027956990601e-01
1.271381248262699604e-01
1.076721606401283421e-01
1.297438877307632021e-01
1.081135365765524409e-01
1.270743341773173940e-01
1.119709494986086407e-01
1.199847686418552689e-01
1.200879120046206699e-01
1.124518173794820664e-01
1.254180035637112722e-01
1.110814576217157568e-01
1.215908247340324044e-01
1.140149157395091983e-01
1.139735784814702446e-01
1.198856002062363285e-01
1.107295647289518320e-01
1.197101331525888546e-01
1.130387729602544411e-01
1.158427522935196602e-01
1.179835763034210727e-01
1.124986614769288018e-01
1.201781171895054123e-01
1.139341873214071293e-01
1.172672190663326952e-01
1.174142461494885881e-01
1.141678787362180175e-01
1.195296782822915516e-01
1.140562386192961880e-01
1.175709435803932168e-01
1.160014692512392753e-01
1.145258753536716190e-01
1.175375398437657759e-01
1.130361061593925104e-01
1.164887218740557756e-01
1.139814467418418381e-01
1.141730495860040356e-01
1.154601650702739707e-01
1.128102270995981204e-01
1.158612717680090193e-01
1.129179295591404147e-01
1.144192505677769645e-01
1.139736474309780978e-01
1.127411081057816400e-01
1.143752981210248154e-01
1.117389644562528511e-01
1.136660415938923196e-01
1.119857171773265686e-01
1.123886806128954058e-01
1.126058743477370006e-01
1.115022407552381800e-01
1.130172754615504371e-01
1.111774914719072527e-01
1.125867492976336398e-01
1.115278043801372770e-01
1.117982559384699676e-01
1.119743076804694815e-01
1.111533695948944273e-01
1.122505866276762854e-01
1.109254488142020212e-01
1.120071056396248071e-01
1.110815809731822423e-01
1.115578245293230020e-01
1.113933253162794346e-01
1.110088798581516378e-01
1.116269406005962889e-01
1.107516947884169406e-01
1.115461166948501642e-01
1.106321437693344317e-01
1.112713943578830939e-01
1.107309389739931926e-01
1.108641737781752845e-01
1.108487956005822089e-01
1.105259870966536218e-01
1.108905330849536408e-01
1.102379788549173734e-01
1.107682525699129061e-01
1.100794864070420015e-01
1.105203922852987936e-01
1.099653983245143102e-01
1.102237554977699846e-01
1.099522278244328133e-01
1.099121734536346040e-01
1.099131599529504510e-01
1.096848603208544909e-01
1.098865430308117452e-01
1.094738967189258089e-01
1.097921896682641091e-01
1.093162697610310791e-01
1.096689946425546125e-01
1.091685446743502763e-01
1.094982149314820269e-01
1.090535625137826620e-01
1.093354149686735916e-01
1.089448352843044449e-01
1.091745239030119663e-01
1.088393389603038997e-01
1.089840222854222829e-01
1.087191958570756095e-01
1.088198756148358037e-01
1.085948074957946013e-01
1.086406349624179507e-01
1.084691125964950265e-01
1.084865886345667690e-01
1.083373080772505465e-01
1.083409915006726121e-01
1.082189081841657130e-01
1.082226220712249887e-01
1.080886369851746659e-01
1.080990248691528488e-01
1.079790633102850755e-01
1.080014468728180688e-01
1.078324821012321411e-01
1.078953392980289416e-01
1.076917626544079409e-01
1.078043291599682652e-01
1.075224540180983873e-01
1.077390194290340775e-01
1.073424864147844021e-01
1.077091826953631565e-01
1.071165177903295462e-01
1.077399198796548940e-01
1.068303803370290322e-01
1.079097649681373949e-01
1.064427614353658097e-01
1.082873895783278001e-01
1.058114301018545228e-01
1.089643004553277339e-01
1.047746165034896260e-01
1.101061442537747403e-01
1.030386217064062776e-01
1.120897435417560484e-01
1.005336435294866132e-01
1.155641699205756656e-01
9.798102318543258638e-02
