-3.259809999999999874e+00 4.473189999999999805e-02 0.000000000000000000e+00
-3.291739999999999888e+00 1.340820000000000067e-01 0.000000000000000000e+00
-3.324310000000000098e+00 2.232020000000000115e-01 0.000000000000000000e+00
-3.357880000000000198e+00 3.119480000000000031e-01 0.000000000000000000e+00
-3.392790000000000195e+00 4.001739999999999742e-01 0.000000000000000000e+00
-3.429330000000000211e+00 4.877380000000000049e-01 0.000000000000000000e+00
-3.467699999999999783e+00 5.745120000000000227e-01 0.000000000000000000e+00
-3.508049999999999891e+00 6.603830000000000533e-01 0.000000000000000000e+00
-3.550689999999999902e+00 7.451389999999999958e-01 0.000000000000000000e+00
-3.595709999999999962e+00 8.286540000000000017e-01 0.000000000000000000e+00
-3.643499999999999961e+00 9.106049999999999978e-01 0.000000000000000000e+00
-3.694430000000000103e+00 9.906380000000000186e-01 0.000000000000000000e+00
-3.748569999999999958e+00 1.068540000000000045e+00 0.000000000000000000e+00
-3.806029999999999802e+00 1.144020000000000037e+00 0.000000000000000000e+00
-3.867090000000000138e+00 1.216609999999999969e+00 0.000000000000000000e+00
-3.931709999999999816e+00 1.286049999999999915e+00 0.000000000000000000e+00
-3.999859999999999971e+00 1.352020000000000000e+00 0.000000000000000000e+00
-4.071629999999999860e+00 1.414020000000000055e+00 0.000000000000000000e+00
-4.146690000000000431e+00 1.472010000000000041e+00 0.000000000000000000e+00
