-3.208180000000000032e+00 2.324910000000000171e-02 0.000000000000000000e+00
-3.134529999999999816e+00 6.631689999999999807e-02 0.000000000000000000e+00
-3.056909999999999794e+00 1.016559999999999964e-01 0.000000000000000000e+00
-2.975719999999999921e+00 1.276180000000000092e-01 0.000000000000000000e+00
-2.891880000000000006e+00 1.429290000000000005e-01 0.000000000000000000e+00
-2.806760000000000144e+00 1.470319999999999960e-01 0.000000000000000000e+00
-2.721779999999999866e+00 1.402390000000000025e-01 0.000000000000000000e+00
-2.638139999999999930e+00 1.235919999999999935e-01 0.000000000000000000e+00
-2.556719999999999882e+00 9.815580000000000138e-02 0.000000000000000000e+00
-2.477640000000000065e+00 6.600290000000000323e-02 0.000000000000000000e+00
-2.400619999999999976e+00 2.915879999999999861e-02 0.000000000000000000e+00
-2.325940000000000119e+00 -1.219010000000000059e-02 0.000000000000000000e+00
-2.253289999999999793e+00 -5.708389999999999992e-02 0.000000000000000000e+00
-2.181929999999999925e+00 -1.040169999999999983e-01 0.000000000000000000e+00
-2.111660000000000093e+00 -1.525529999999999942e-01 0.000000000000000000e+00
-2.042209999999999859e+00 -2.022710000000000063e-01 0.000000000000000000e+00
-1.972990000000000022e+00 -2.523090000000000055e-01 0.000000000000000000e+00
-1.903540000000000010e+00 -3.020269999999999899e-01 0.000000000000000000e+00
-1.833930000000000060e+00 -3.515099999999999891e-01 0.000000000000000000e+00
-1.763710000000000111e+00 -4.001250000000000084e-01 0.000000000000000000e+00
-1.691969999999999974e+00 -4.464509999999999867e-01 0.000000000000000000e+00
-1.618270000000000097e+00 -4.895680000000000032e-01 0.000000000000000000e+00
-1.542249999999999899e+00 -5.283870000000000511e-01 0.000000000000000000e+00
-1.463500000000000023e+00 -5.612530000000000019e-01 0.000000000000000000e+00
-1.381890000000000063e+00 -5.859750000000000236e-01 0.000000000000000000e+00
-1.297809999999999908e+00 -5.994490000000000096e-01 0.000000000000000000e+00
-1.212730000000000086e+00 -5.989219999999999544e-01 0.000000000000000000e+00
-1.128880000000000106e+00 -5.841549999999999798e-01 0.000000000000000000e+00
-1.047840000000000105e+00 -5.576799999999999535e-01 0.000000000000000000e+00
-9.701130000000000031e-01 -5.225229999999999597e-01 0.000000000000000000e+00
-8.949799999999999978e-01 -4.819459999999999855e-01 0.000000000000000000e+00
-8.213439999999999630e-01 -4.386880000000000224e-01 0.000000000000000000e+00
-7.486859999999999626e-01 -3.937939999999999774e-01 0.000000000000000000e+00
-6.762660000000000338e-01 -3.485130000000000172e-01 0.000000000000000000e+00
-6.032359999999999944e-01 -3.042320000000000024e-01 0.000000000000000000e+00
-5.291259999999999852e-01 -2.617889999999999939e-01 0.000000000000000000e+00
-4.532760000000000122e-01 -2.225999999999999923e-01 0.000000000000000000e+00
-3.749730000000000008e-01 -1.886490000000000111e-01 0.000000000000000000e+00
-2.942879999999999940e-01 -1.608239999999999947e-01 0.000000000000000000e+00
-2.116860000000000130e-01 -1.393629999999999869e-01 0.000000000000000000e+00
-1.276319999999999955e-01 -1.246020000000000044e-01 0.000000000000000000e+00
-4.265309999999999935e-02 -1.167620000000000047e-01 0.000000000000000000e+00
4.264919999999999822e-02 -1.167620000000000047e-01 0.000000000000000000e+00
1.276269999999999905e-01 -1.246010000000000034e-01 0.000000000000000000e+00
2.116810000000000080e-01 -1.393620000000000136e-01 0.000000000000000000e+00
2.942819999999999880e-01 -1.608229999999999937e-01 0.000000000000000000e+00
3.749689999999999968e-01 -1.886480000000000101e-01 0.000000000000000000e+00
4.532729999999999815e-01 -2.225989999999999913e-01 0.000000000000000000e+00
5.291230000000000100e-01 -2.617880000000000207e-01 0.000000000000000000e+00
6.032319999999999904e-01 -3.042300000000000004e-01 0.000000000000000000e+00
6.762629999999999475e-01 -3.485110000000000152e-01 0.000000000000000000e+00
7.486829999999999874e-01 -3.937919999999999754e-01 0.000000000000000000e+00
8.213399999999999590e-01 -4.386860000000000204e-01 0.000000000000000000e+00
8.949770000000000225e-01 -4.819439999999999835e-01 0.000000000000000000e+00
9.701109999999999456e-01 -5.225210000000000132e-01 0.000000000000000000e+00
1.047840000000000105e+00 -5.576799999999999535e-01 0.000000000000000000e+00
1.128880000000000106e+00 -5.841539999999999511e-01 0.000000000000000000e+00
1.212720000000000020e+00 -5.989219999999999544e-01 0.000000000000000000e+00
1.297809999999999908e+00 -5.994490000000000096e-01 0.000000000000000000e+00
1.381890000000000063e+00 -5.859760000000000524e-01 0.000000000000000000e+00
1.463489999999999958e+00 -5.612549999999999484e-01 0.000000000000000000e+00
1.542240000000000055e+00 -5.283889999999999976e-01 0.000000000000000000e+00
1.618270000000000097e+00 -4.895700000000000052e-01 0.000000000000000000e+00
1.691969999999999974e+00 -4.464529999999999887e-01 0.000000000000000000e+00
1.763710000000000111e+00 -4.001270000000000104e-01 0.000000000000000000e+00
1.833930000000000060e+00 -3.515119999999999911e-01 0.000000000000000000e+00
1.903540000000000010e+00 -3.020289999999999919e-01 0.000000000000000000e+00
1.972990000000000022e+00 -2.523119999999999807e-01 0.000000000000000000e+00
2.042209999999999859e+00 -2.022730000000000083e-01 0.000000000000000000e+00
2.111660000000000093e+00 -1.525549999999999962e-01 0.000000000000000000e+00
2.181929999999999925e+00 -1.040190000000000003e-01 0.000000000000000000e+00
2.253289999999999793e+00 -5.708590000000000192e-02 0.000000000000000000e+00
2.325930000000000053e+00 -1.219210000000000085e-02 0.000000000000000000e+00
2.400619999999999976e+00 2.915670000000000067e-02 0.000000000000000000e+00
2.477640000000000065e+00 6.600100000000000411e-02 0.000000000000000000e+00
2.556719999999999882e+00 9.815459999999999463e-02 0.000000000000000000e+00
2.638139999999999930e+00 1.235910000000000064e-01 0.000000000000000000e+00
2.721779999999999866e+00 1.402390000000000025e-01 0.000000000000000000e+00
2.806750000000000078e+00 1.470319999999999960e-01 0.000000000000000000e+00
2.891880000000000006e+00 1.429290000000000005e-01 0.000000000000000000e+00
2.975719999999999921e+00 1.276190000000000102e-01 0.000000000000000000e+00
3.056909999999999794e+00 1.016559999999999964e-01 0.000000000000000000e+00
3.134529999999999816e+00 6.631710000000000382e-02 0.000000000000000000e+00
3.208180000000000032e+00 2.324920000000000112e-02 0.000000000000000000e+00
