4.267197656250000000e+04
3.509042187500000000e+04
2.839083984375000000e+04
2.312779101562500000e+04
2.133384570312500000e+04
1.998932226562500000e+04
1.813212304687500000e+04
1.640770117187500000e+04
1.460398632812500000e+04
1.270400488281250000e+04
1.059809667968750000e+04
8.657506835937500000e+03
7.558200683593750000e+03
6.391149902343750000e+03
4.894993652343750000e+03
4.206803710937500000e+03
3.650110595703125000e+03
3.071049072265625000e+03
2.679888427734375000e+03
2.228289062500000000e+03
1.823926635742187500e+03
1.538445068359375000e+03
1.390688964843750000e+03
1.345895996093750000e+03
1.328670776367187500e+03
1.285631958007812500e+03
1.208541381835937500e+03
1.118852539062500000e+03
1.011540161132812500e+03
8.878255004882812500e+02
7.573682250976562500e+02
6.295319213867187500e+02
5.294594726562500000e+02
4.776814270019531250e+02
4.469412536621093750e+02
4.257930908203125000e+02
4.066748657226562500e+02
3.778907470703125000e+02
3.513828125000000000e+02
3.289078369140625000e+02
3.111601257324218750e+02
2.945491638183593750e+02
2.723345947265625000e+02
2.472392272949218750e+02
2.182255401611328125e+02
1.938405303955078125e+02
1.826718902587890625e+02
1.801824340820312500e+02
1.817014312744140625e+02
1.793897399902343750e+02
1.729464111328125000e+02
1.663659210205078125e+02
1.608330078125000000e+02
1.566340332031250000e+02
1.498903808593750000e+02
1.414020233154296875e+02
1.320871276855468750e+02
1.237725524902343750e+02
1.176173629760742188e+02
1.128812637329101562e+02
1.101787719726562500e+02
1.076231079101562500e+02
1.049589462280273438e+02
1.014231185913085938e+02
9.723299407958984375e+01
9.345364379882812500e+01
9.034403991699218750e+01
8.746649169921875000e+01
8.480323028564453125e+01
8.218295288085937500e+01
7.962191009521484375e+01
7.797167205810546875e+01
7.676077270507812500e+01
7.569316864013671875e+01
7.408929443359375000e+01
7.208232879638671875e+01
6.990028381347656250e+01
6.813076019287109375e+01
6.661813354492187500e+01
6.521804046630859375e+01
6.367316436767578125e+01
6.198580169677734375e+01
6.035580062866210938e+01
5.911109161376953125e+01
5.804630661010742188e+01
5.690898132324218750e+01
5.563388824462890625e+01
5.437287139892578125e+01
5.329508590698242188e+01
5.236501312255859375e+01
5.143762969970703125e+01
5.044409942626953125e+01
4.939553833007812500e+01
4.842665863037109375e+01
4.752136993408203125e+01
4.667556381225585938e+01
4.583832931518554688e+01
4.497552490234375000e+01
4.411820220947265625e+01
4.328260040283203125e+01
4.246525573730468750e+01
4.167653656005859375e+01
4.093257522583007812e+01
4.021648025512695312e+01
3.961947250366210938e+01
3.926173400878906250e+01
3.906552886962890625e+01
3.836963272094726562e+01
3.709877777099609375e+01
3.636601638793945312e+01
3.627059555053710938e+01
3.570707321166992188e+01
3.467262268066406250e+01
3.419390869140625000e+01
3.400709533691406250e+01
3.332156753540039062e+01
3.254062271118164062e+01
3.220049285888671875e+01
3.189088439941406250e+01
3.122984504699707031e+01
3.062675476074218750e+01
3.032441902160644531e+01
2.996249198913574219e+01
2.938564491271972656e+01
2.885637664794921875e+01
2.853120422363281250e+01
2.820216369628906250e+01
2.772891235351562500e+01
2.722827148437500000e+01
2.683423233032226562e+01
2.652093887329101562e+01
2.617452430725097656e+01
2.575372314453125000e+01
2.531250762939453125e+01
2.491809844970703125e+01
2.457922554016113281e+01
2.425522232055664062e+01
2.391678810119628906e+01
2.356105804443359375e+01
2.319308853149414062e+01
2.283014297485351562e+01
2.248077201843261719e+01
2.215132522583007812e+01
2.184051895141601562e+01
2.154355621337890625e+01
2.125444221496582031e+01
2.098025131225585938e+01
2.072288131713867188e+01
2.050146675109863281e+01
2.034932708740234375e+01
2.031770515441894531e+01
2.048640632629394531e+01
2.084836196899414062e+01
2.109903717041015625e+01
2.072257804870605469e+01
1.949106407165527344e+01
1.831143951416015625e+01
1.802717590332031250e+01
1.843725967407226562e+01
1.871806335449218750e+01
1.824967575073242188e+01
1.738722991943359375e+01
1.677955818176269531e+01
1.676792907714843750e+01
1.696934318542480469e+01
1.687081527709960938e+01
1.637307929992675781e+01
1.581580543518066406e+01
1.553028678894042969e+01
1.550947189331054688e+01
1.551856613159179688e+01
1.535638427734375000e+01
1.501107406616210938e+01
1.460966491699218750e+01
1.430466842651367188e+01
1.414748764038085938e+01
1.408935832977294922e+01
1.403597927093505859e+01
1.392986869812011719e+01
1.374731636047363281e+01
1.352642059326171875e+01
1.327379798889160156e+01
1.303651428222656250e+01
1.282008552551269531e+01
1.263437271118164062e+01
1.247893714904785156e+01
1.234914684295654297e+01
1.223933982849121094e+01
1.215246963500976562e+01
1.210169887542724609e+01
1.212768554687500000e+01
1.231479263305664062e+01
1.279765129089355469e+01
1.382464027404785156e+01
1.547800159454345703e+01
1.789468193054199219e+01
1.884723663330078125e+01
1.743498992919921875e+01
1.373988151550292969e+01
1.107283020019531250e+01
1.161772251129150391e+01
1.396356964111328125e+01
1.468444633483886719e+01
1.280646705627441406e+01
1.075724983215332031e+01
1.038848400115966797e+01
1.155968093872070312e+01
1.258902168273925781e+01
1.208622455596923828e+01
1.068984889984130859e+01
9.789442062377929688e+00
9.964172363281250000e+00
1.071127986907958984e+01
1.107122707366943359e+01
1.061541748046875000e+01
9.794042587280273438e+00
9.237111091613769531e+00
9.214197158813476562e+00
9.566444396972656250e+00
9.866678237915039062e+00
9.821079254150390625e+00
9.479788780212402344e+00
9.033307075500488281e+00
8.682863235473632812e+00
8.559112548828125000e+00
8.622224807739257812e+00
8.748673439025878906e+00
8.852441787719726562e+00
8.865672111511230469e+00
8.749230384826660156e+00
8.559397697448730469e+00
8.354475021362304688e+00
8.151110649108886719e+00
7.986478805541992188e+00
7.874390602111816406e+00
7.799486160278320312e+00
7.754255771636962891e+00
7.738987922668457031e+00
7.741820335388183594e+00
7.761088371276855469e+00
7.809216976165771484e+00
7.899944782257080078e+00
8.067373275756835938e+00
8.374472618103027344e+00
8.924349784851074219e+00
9.944545745849609375e+00
1.173151206970214844e+01
1.505586814880371094e+01
2.017725753784179688e+01
2.773512077331542969e+01
3.454220199584960938e+01
3.743060684204101562e+01
2.928275680541992188e+01
1.587819385528564453e+01
7.345624446868896484e+00
1.052450180053710938e+01
1.879102706909179688e+01
2.122214889526367188e+01
1.514847564697265625e+01
7.881585121154785156e+00
7.785971641540527344e+00
1.283308601379394531e+01
1.518726921081542969e+01
1.213731765747070312e+01
7.492340564727783203e+00
6.997035026550292969e+00
9.988170623779296875e+00
1.144851016998291016e+01
9.488561630249023438e+00
6.788137912750244141e+00
6.686404705047607422e+00
8.538787841796875000e+00
9.397140502929687500e+00
8.225082397460937500e+00
6.534254074096679688e+00
6.252779483795166016e+00
7.270993232727050781e+00
7.990330219268798828e+00
7.546105384826660156e+00
6.474879741668701172e+00
5.963113784790039062e+00
6.338583469390869141e+00
6.920367240905761719e+00
6.964538097381591797e+00
6.452132225036621094e+00
5.913838863372802734e+00
5.790083885192871094e+00
6.057931900024414062e+00
6.333348751068115234e+00
6.314335823059082031e+00
6.036607742309570312e+00
5.718047618865966797e+00
5.581299304962158203e+00
5.656974315643310547e+00
5.808189392089843750e+00
5.885924816131591797e+00
5.821029663085937500e+00
5.657146453857421875e+00
5.487987518310546875e+00
5.391514301300048828e+00
5.384485244750976562e+00
5.433804512023925781e+00
5.486133575439453125e+00
5.497068405151367188e+00
5.458612918853759766e+00
5.382153034210205078e+00
5.293575286865234375e+00
5.217003345489501953e+00
5.165302276611328125e+00
5.139217853546142578e+00
5.132580280303955078e+00
5.136640548706054688e+00
5.143745422363281250e+00
5.148854255676269531e+00
5.153781890869140625e+00
5.157744407653808594e+00
5.161865234375000000e+00
5.169011592864990234e+00
5.184662818908691406e+00
5.213652610778808594e+00
5.265212059020996094e+00
5.364759445190429688e+00
5.527924537658691406e+00
5.823310852050781250e+00
6.305796623229980469e+00
7.156538486480712891e+00
8.488306045532226562e+00
1.088100910186767578e+01
1.445005321502685547e+01
1.999426460266113281e+01
2.642404937744140625e+01
3.395202255249023438e+01
3.700949478149414062e+01
3.424655151367187500e+01
2.248823547363281250e+01
1.000850486755371094e+01
4.830698966979980469e+00
9.174901008605957031e+00
1.645575332641601562e+01
1.797551727294921875e+01
1.299761009216308594e+01
6.397943973541259766e+00
4.945820808410644531e+00
8.574351310729980469e+00
1.174122905731201172e+01
1.066386032104492188e+01
6.700557231903076172e+00
4.588394165039062500e+00
5.973745346069335938e+00
8.274588584899902344e+00
8.535879135131835938e+00
6.437077045440673828e+00
4.638287067413330078e+00
4.843541145324707031e+00
6.227184772491455078e+00
6.864966869354248047e+00
5.973639011383056641e+00
4.720899581909179688e+00
4.401256561279296875e+00
5.055278778076171875e+00
5.719524383544921875e+00
5.590267181396484375e+00
4.874271392822265625e+00
4.314070701599121094e+00
4.363298416137695312e+00
4.793178558349609375e+00
5.065683841705322266e+00
4.915812015533447266e+00
4.505530357360839844e+00
4.195810317993164062e+00
4.183290481567382812e+00
4.385935306549072266e+00
4.567709922790527344e+00
4.559904098510742188e+00
4.380512714385986328e+00
4.164171218872070312e+00
4.046283245086669922e+00
4.067419528961181641e+00
4.165377140045166016e+00
4.243058204650878906e+00
4.240871429443359375e+00
4.162519454956054688e+00
4.051738739013671875e+00
3.960743188858032227e+00
3.918992996215820312e+00
3.925638198852539062e+00
3.958870887756347656e+00
3.992067337036132812e+00
4.003040313720703125e+00
3.985144853591918945e+00
3.944346904754638672e+00
3.892149686813354492e+00
3.843307971954345703e+00
3.803586006164550781e+00
3.775633335113525391e+00
3.759027242660522461e+00
3.751289367675781250e+00
3.749130725860595703e+00
3.750164985656738281e+00
3.753317594528198242e+00
3.758017539978027344e+00
3.765768527984619141e+00
3.774520874023437500e+00
3.787324190139770508e+00
3.804141998291015625e+00
3.831667184829711914e+00
3.869987010955810547e+00
3.931233644485473633e+00
4.019785404205322266e+00
4.164020061492919922e+00
4.375515460968017578e+00
4.724114894866943359e+00
5.244562625885009766e+00
6.074767589569091797e+00
7.302867889404296875e+00
9.199672698974609375e+00
1.185824584960937500e+01
1.581480789184570312e+01
2.057751083374023438e+01
2.828804588317871094e+01
3.494508743286132812e+01
4.068815612792968750e+01
3.713962936401367188e+01
2.681160926818847656e+01
1.211868858337402344e+01
3.972623586654663086e+00
6.274380207061767578e+00
1.379435443878173828e+01
1.795169830322265625e+01
1.352378082275390625e+01
6.451777458190917969e+00
3.541599750518798828e+00
6.654685497283935547e+00
1.056607341766357422e+01
9.906726837158203125e+00
6.238349914550781250e+00
3.543121814727783203e+00
4.502567291259765625e+00
6.959767341613769531e+00
7.265598297119140625e+00
5.256556034088134766e+00
3.492455959320068359e+00
3.861485004425048828e+00
5.317960739135742188e+00
5.635178565979003906e+00
4.541162967681884766e+00
3.430200099945068359e+00
3.500778675079345703e+00
4.334054946899414062e+00
4.676856994628906250e+00
4.136767387390136719e+00
3.403416633605957031e+00
3.270197868347167969e+00
3.696337699890136719e+00
4.046687126159667969e+00
3.912938117980957031e+00
3.457565546035766602e+00
3.175490617752075195e+00
3.253796339035034180e+00
3.515537023544311523e+00
3.655059337615966797e+00
3.520977258682250977e+00
3.266537666320800781e+00
3.107410907745361328e+00
3.130507946014404297e+00
3.264495372772216797e+00
3.355478525161743164e+00
3.318840026855468750e+00
3.188498497009277344e+00
3.068094253540039062e+00
3.030971527099609375e+00
3.073608398437500000e+00
3.135145187377929688e+00
3.154550313949584961e+00
3.116770029067993164e+00
3.045696735382080078e+00
2.987317085266113281e+00
2.967536449432373047e+00
2.982591152191162109e+00
3.009500503540039062e+00
3.022941112518310547e+00
3.012052297592163086e+00
2.981104612350463867e+00
2.944221735000610352e+00
2.914869546890258789e+00
2.900212049484252930e+00
2.898922920227050781e+00
2.904613018035888672e+00
2.909752607345581055e+00
2.908862829208374023e+00
2.900455951690673828e+00
2.885945081710815430e+00
2.868112325668334961e+00
2.850482702255249023e+00
2.835390090942382812e+00
2.823854923248291016e+00
2.815761566162109375e+00
2.810373783111572266e+00
2.806807994842529297e+00
2.803697586059570312e+00
2.800751209259033203e+00
2.797137975692749023e+00
2.792809247970581055e+00
2.787943363189697266e+00
2.782457590103149414e+00
2.776774883270263672e+00
2.771156787872314453e+00
2.765889167785644531e+00
2.761948823928833008e+00
2.759774208068847656e+00
2.759991884231567383e+00
2.762763261795043945e+00
2.770268201828002930e+00
2.783985376358032227e+00
2.807751893997192383e+00
2.847190380096435547e+00
2.910092353820800781e+00
3.012068271636962891e+00
3.174002170562744141e+00
3.456198692321777344e+00
3.893247127532958984e+00
4.657243728637695312e+00
5.844776630401611328e+00
7.888238430023193359e+00
1.075672721862792969e+01
1.560088539123535156e+01
2.145976638793945312e+01
3.021079444885253906e+01
3.723406600952148438e+01
4.468204879760742188e+01
4.310354995727539062e+01
3.411905670166015625e+01
1.693675231933593750e+01
4.675719738006591797e+00
4.100289821624755859e+00
1.220766925811767578e+01
1.867422485351562500e+01
1.524543094635009766e+01
7.114525318145751953e+00
2.754096508026123047e+00
5.918070316314697266e+00
1.066681385040283203e+01
9.957928657531738281e+00
5.419804096221923828e+00
2.681679248809814453e+00
4.583336830139160156e+00
7.381499290466308594e+00
6.724697113037109375e+00
3.880986690521240234e+00
2.643608331680297852e+00
4.078805923461914062e+00
5.522321701049804688e+00
4.752090454101562500e+00
3.035189390182495117e+00
2.643922805786132812e+00
3.681955575942993164e+00
4.345817089080810547e+00
3.671233654022216797e+00
2.698466777801513672e+00
2.607772111892700195e+00
3.250262022018432617e+00
3.602612257003784180e+00
3.180873394012451172e+00
2.595752716064453125e+00
2.493655204772949219e+00
2.843872070312500000e+00
3.099511146545410156e+00
2.924890518188476562e+00
2.567953586578369141e+00
2.417140960693359375e+00
2.567174434661865234e+00
2.768381595611572266e+00
2.760639429092407227e+00
2.573416948318481445e+00
2.401838302612304688e+00
2.395367383956909180e+00
2.508630275726318359e+00
2.586096763610839844e+00
2.544801235198974609e+00
2.426841497421264648e+00
2.343514442443847656e+00
2.346723794937133789e+00
2.404031276702880859e+00
2.446487426757812500e+00
2.427077054977416992e+00
2.365915536880493164e+00
2.309432029724121094e+00
2.292869091033935547e+00
2.312402009963989258e+00
2.339193344116210938e+00
2.346300363540649414e+00
2.324732780456542969e+00
2.289826154708862305e+00
2.260684490203857422e+00
2.248846292495727539e+00
2.253003358840942383e+00
2.262928724288940430e+00
2.267442464828491211e+00
2.261140346527099609e+00
2.245593309402465820e+00
2.226868629455566406e+00
2.211440086364746094e+00
2.202623367309570312e+00
2.200170516967773438e+00
2.201035976409912109e+00
2.201510906219482422e+00
2.199108600616455078e+00
2.193075180053710938e+00
2.184289455413818359e+00
2.174108982086181641e+00
2.164250373840332031e+00
2.155635833740234375e+00
2.148763179779052734e+00
2.143497943878173828e+00
2.139441251754760742e+00
2.136032581329345703e+00
2.132752418518066406e+00
2.129212617874145508e+00
2.125223159790039062e+00
2.120799064636230469e+00
2.115895986557006836e+00
2.110692501068115234e+00
2.105225086212158203e+00
2.099793195724487305e+00
2.094381093978881836e+00
2.089159488677978516e+00
2.084152460098266602e+00
2.079567909240722656e+00
2.075485229492187500e+00
2.072003841400146484e+00
2.069265365600585938e+00
2.067620754241943359e+00
2.067430496215820312e+00
2.069556951522827148e+00
2.075069665908813477e+00
2.085973978042602539e+00
2.105000734329223633e+00
2.137387037277221680e+00
2.189742803573608398e+00
2.282752752304077148e+00
2.431924104690551758e+00
2.690801143646240234e+00
3.096433162689208984e+00
3.779416322708129883e+00
4.820020675659179688e+00
6.638836383819580078e+00
9.140069961547851562e+00
1.326448631286621094e+01
1.788769531250000000e+01
2.453502273559570312e+01
2.955305862426757812e+01
3.527671813964843750e+01
3.544623947143554688e+01
3.069046783447265625e+01
1.872805213928222656e+01
7.676921844482421875e+00
2.267876148223876953e+00
4.867429733276367188e+00
1.110012531280517578e+01
1.371244049072265625e+01
1.112374782562255859e+01
5.241325855255126953e+00
2.195883035659790039e+00
3.867470264434814453e+00
7.117631912231445312e+00
7.979653358459472656e+00
5.370607376098632812e+00
2.634435415267944336e+00
2.294639825820922852e+00
4.056668281555175781e+00
5.359867095947265625e+00
4.584818363189697266e+00
2.861924171447753906e+00
2.008224487304687500e+00
2.669428348541259766e+00
3.709161043167114258e+00
3.761928081512451172e+00
2.917702198028564453e+00
2.072187423706054688e+00
2.059021234512329102e+00
2.636387109756469727e+00
3.023083209991455078e+00
2.868359804153442383e+00
2.305401563644409180e+00
1.933603882789611816e+00
2.014935016632080078e+00
2.338592290878295898e+00
2.539637804031372070e+00
2.409536123275756836e+00
2.108661651611328125e+00
1.897516965866088867e+00
1.901586294174194336e+00
2.059564828872680664e+00
2.191607952117919922e+00
2.183301448822021484e+00
2.047188997268676758e+00
1.901497364044189453e+00
1.834104061126708984e+00
1.872500658035278320e+00
1.954991698265075684e+00
2.004798412322998047e+00
1.993790149688720703e+00
1.925102949142456055e+00
1.847607374191284180e+00
1.804246187210083008e+00
1.806024909019470215e+00
1.838323116302490234e+00
1.873249769210815430e+00
1.886593341827392578e+00
1.872426986694335938e+00
1.838671565055847168e+00
1.800506472587585449e+00
1.773025870323181152e+00
1.762629032135009766e+00
1.767524003982543945e+00
1.780008792877197266e+00
1.790871381759643555e+00
1.793985247611999512e+00
1.787734746932983398e+00
1.773941874504089355e+00
1.757222056388854980e+00
1.741817593574523926e+00
1.730359196662902832e+00
1.724018692970275879e+00
1.722276568412780762e+00
1.723226308822631836e+00
1.725331783294677734e+00
1.727210164070129395e+00
1.727700829505920410e+00
1.726687908172607422e+00
1.724136590957641602e+00
1.720337867736816406e+00
1.715509891510009766e+00
1.710301160812377930e+00
1.704730987548828125e+00
1.699109196662902832e+00
1.693636536598205566e+00
1.688488483428955078e+00
1.683754563331604004e+00
1.679422974586486816e+00
1.675487637519836426e+00
1.671915888786315918e+00
1.668792605400085449e+00
1.666210651397705078e+00
1.664171218872070312e+00
1.662962079048156738e+00
1.662815213203430176e+00
1.664050698280334473e+00
1.667455196380615234e+00
1.673956394195556641e+00
1.685370683670043945e+00
1.705243229866027832e+00
1.737399697303771973e+00
1.788381099700927734e+00
1.872992277145385742e+00
2.007913351058959961e+00
2.232649564743041992e+00
2.593445777893066406e+00
3.216260671615600586e+00
4.198332309722900391e+00
5.895448207855224609e+00
8.259616851806640625e+00
1.207033252716064453e+01
1.656707763671875000e+01
2.299554443359375000e+01
2.817091369628906250e+01
3.473199462890625000e+01
3.559200668334960938e+01
3.283708190917968750e+01
2.196255874633789062e+01
1.050851631164550781e+01
2.778639554977416992e+00
2.911710500717163086e+00
8.675946235656738281e+00
1.302230072021484375e+01
1.252724075317382812e+01
7.036862850189208984e+00
2.449831962585449219e+00
2.395954132080078125e+00
5.572714328765869141e+00
7.799773216247558594e+00
6.376379966735839844e+00
3.266520261764526367e+00
1.745953798294067383e+00
2.855421781539916992e+00
4.680140972137451172e+00
4.814766883850097656e+00
3.280270814895629883e+00
1.845518827438354492e+00
1.908178806304931641e+00
2.954886198043823242e+00
3.550835609436035156e+00
3.047024011611938477e+00
2.052086830139160156e+00
1.625447034835815430e+00
2.001050472259521484e+00
2.573990821838378906e+00
2.673197507858276367e+00
2.205056428909301758e+00
1.710025310516357422e+00
1.599446296691894531e+00
1.869193553924560547e+00
2.152724504470825195e+00
2.132726192474365234e+00
1.873544812202453613e+00
1.614109039306640625e+00
1.557274460792541504e+00
1.696710348129272461e+00
1.849419713020324707e+00
1.879704713821411133e+00
1.760188579559326172e+00
1.604267358779907227e+00
1.524795770645141602e+00
1.559653043746948242e+00
1.645255684852600098e+00
1.697543621063232422e+00
1.682397961616516113e+00
1.608608245849609375e+00
1.534796476364135742e+00
1.502649903297424316e+00
1.517899394035339355e+00
1.556522369384765625e+00
1.585600733757019043e+00
1.583075881004333496e+00
1.553413033485412598e+00
1.514873027801513672e+00
1.486836791038513184e+00
1.479976177215576172e+00
1.490829586982727051e+00
1.506619930267333984e+00
1.516401052474975586e+00
1.513570547103881836e+00
1.499889254570007324e+00
1.482051134109497070e+00
1.466735243797302246e+00
1.457861185073852539e+00
1.456424713134765625e+00
1.459826350212097168e+00
1.464375019073486328e+00
1.467271804809570312e+00
1.466290593147277832e+00
1.461525678634643555e+00
1.454340696334838867e+00
1.446376323699951172e+00
1.439210891723632812e+00
1.434067845344543457e+00
1.430914640426635742e+00
1.429435253143310547e+00
1.429135203361511230e+00
1.429160952568054199e+00
1.428961515426635742e+00
1.428323507308959961e+00
1.426912307739257812e+00
1.424735903739929199e+00
1.422095775604248047e+00
1.418969392776489258e+00
1.415566802024841309e+00
1.412462234497070312e+00
1.409347176551818848e+00
1.406209707260131836e+00
1.403243780136108398e+00
1.400421380996704102e+00
1.397679805755615234e+00
1.395170331001281738e+00
1.392759561538696289e+00
1.390442848205566406e+00
1.388198256492614746e+00
1.386078000068664551e+00
1.383973002433776855e+00
1.381938219070434570e+00
1.379943370819091797e+00
1.377988815307617188e+00
1.376032233238220215e+00
1.374129056930541992e+00
1.372256875038146973e+00
1.370411753654479980e+00
1.368652105331420898e+00
1.367005586624145508e+00
1.365536808967590332e+00
1.364341259002685547e+00
1.363553285598754883e+00
1.363448977470397949e+00
1.364177346229553223e+00
1.366467118263244629e+00
1.371405959129333496e+00
1.380516529083251953e+00
1.397323131561279297e+00
1.427134037017822266e+00
1.479742050170898438e+00
1.569440484046936035e+00
1.727655887603759766e+00
1.993109703063964844e+00
2.464759349822998047e+00
3.227197885513305664e+00
4.653414249420166016e+00
6.883269786834716797e+00
1.090034294128417969e+01
1.650712966918945312e+01
2.613921546936035156e+01
