-4.131969999999999921e+00 1.500000000000000000e+00 0.000000000000000000e+00
-4.025920000000000165e+00 1.500000000000000000e+00 0.000000000000000000e+00
-3.919859999999999900e+00 1.500000000000000000e+00 0.000000000000000000e+00
-3.813800000000000079e+00 1.500000000000000000e+00 0.000000000000000000e+00
-3.707749999999999879e+00 1.500000000000000000e+00 0.000000000000000000e+00
-3.601690000000000058e+00 1.500000000000000000e+00 0.000000000000000000e+00
-3.495629999999999793e+00 1.500000000000000000e+00 0.000000000000000000e+00
-3.389580000000000037e+00 1.500000000000000000e+00 0.000000000000000000e+00
-3.283520000000000216e+00 1.500000000000000000e+00 0.000000000000000000e+00
-3.177459999999999951e+00 1.500000000000000000e+00 0.000000000000000000e+00
-3.071410000000000196e+00 1.500000000000000000e+00 0.000000000000000000e+00
-2.965349999999999930e+00 1.500000000000000000e+00 0.000000000000000000e+00
-2.859290000000000109e+00 1.500000000000000000e+00 0.000000000000000000e+00
-2.753239999999999910e+00 1.500000000000000000e+00 0.000000000000000000e+00
-2.647180000000000089e+00 1.500000000000000000e+00 0.000000000000000000e+00
-2.541129999999999889e+00 1.500000000000000000e+00 0.000000000000000000e+00
-2.435070000000000068e+00 1.500000000000000000e+00 0.000000000000000000e+00
-2.329009999999999803e+00 1.500000000000000000e+00 0.000000000000000000e+00
-2.222960000000000047e+00 1.500000000000000000e+00 0.000000000000000000e+00
-2.116899999999999782e+00 1.500000000000000000e+00 0.000000000000000000e+00
-2.010839999999999961e+00 1.500000000000000000e+00 0.000000000000000000e+00
-1.904789999999999983e+00 1.500000000000000000e+00 0.000000000000000000e+00
-1.798729999999999940e+00 1.500000000000000000e+00 0.000000000000000000e+00
-1.692669999999999897e+00 1.500000000000000000e+00 0.000000000000000000e+00
-1.599350000000000049e+00 1.465819999999999901e+00 0.000000000000000000e+00
-1.519179999999999975e+00 1.396679999999999922e+00 0.000000000000000000e+00
-1.439440000000000053e+00 1.326750000000000096e+00 0.000000000000000000e+00
-1.359699999999999909e+00 1.256829999999999892e+00 0.000000000000000000e+00
-1.279970000000000052e+00 1.186900000000000066e+00 0.000000000000000000e+00
-1.200229999999999908e+00 1.116980000000000084e+00 0.000000000000000000e+00
-1.120489999999999986e+00 1.047050000000000036e+00 0.000000000000000000e+00
-1.040750000000000064e+00 9.771229999999999638e-01 0.000000000000000000e+00
-9.610100000000000309e-01 9.071960000000000024e-01 0.000000000000000000e+00
-8.812710000000000266e-01 8.372699999999999587e-01 0.000000000000000000e+00
-7.920169999999999710e-01 7.831360000000000543e-01 0.000000000000000000e+00
-6.896079999999999988e-01 7.620850000000000124e-01 0.000000000000000000e+00
-5.835839999999999916e-01 7.584629999999999983e-01 0.000000000000000000e+00
-4.775730000000000253e-01 7.553879999999999484e-01 0.000000000000000000e+00
-3.715430000000000121e-01 7.530099999999999572e-01 0.000000000000000000e+00
-2.655009999999999870e-01 7.513020000000000254e-01 0.000000000000000000e+00
-1.594510000000000094e-01 7.501989999999999492e-01 0.000000000000000000e+00
-5.339680000000000121e-02 7.495380000000000376e-01 0.000000000000000000e+00
5.265870000000000273e-02 7.495359999999999800e-01 0.000000000000000000e+00
1.587129999999999930e-01 7.501919999999999700e-01 0.000000000000000000e+00
2.647630000000000261e-01 7.512929999999999886e-01 0.000000000000000000e+00
3.708049999999999957e-01 7.529979999999999452e-01 0.000000000000000000e+00
4.768350000000000088e-01 7.553710000000000147e-01 0.000000000000000000e+00
5.828459999999999752e-01 7.584400000000000031e-01 0.000000000000000000e+00
6.888410000000000366e-01 7.620569999999999844e-01 0.000000000000000000e+00
7.913280000000000314e-01 7.828669999999999796e-01 0.000000000000000000e+00
8.807369999999999921e-01 8.368010000000000170e-01 0.000000000000000000e+00
9.605219999999999869e-01 9.067680000000000184e-01 0.000000000000000000e+00
1.040259999999999962e+00 9.766949999999999799e-01 0.000000000000000000e+00
1.120000000000000107e+00 1.046620000000000106e+00 0.000000000000000000e+00
1.199740000000000029e+00 1.116549999999999931e+00 0.000000000000000000e+00
1.279479999999999951e+00 1.186469999999999914e+00 0.000000000000000000e+00
1.359220000000000095e+00 1.256399999999999961e+00 0.000000000000000000e+00
1.438949999999999951e+00 1.326330000000000009e+00 0.000000000000000000e+00
1.518690000000000095e+00 1.396249999999999991e+00 0.000000000000000000e+00
1.598929999999999962e+00 1.465610000000000079e+00 0.000000000000000000e+00
1.692499999999999893e+00 1.500000000000000000e+00 0.000000000000000000e+00
1.798729999999999940e+00 1.500000000000000000e+00 0.000000000000000000e+00
1.904789999999999983e+00 1.500000000000000000e+00 0.000000000000000000e+00
2.010839999999999961e+00 1.500000000000000000e+00 0.000000000000000000e+00
2.116899999999999782e+00 1.500000000000000000e+00 0.000000000000000000e+00
2.222960000000000047e+00 1.500000000000000000e+00 0.000000000000000000e+00
2.329009999999999803e+00 1.500000000000000000e+00 0.000000000000000000e+00
2.435070000000000068e+00 1.500000000000000000e+00 0.000000000000000000e+00
2.541129999999999889e+00 1.500000000000000000e+00 0.000000000000000000e+00
2.647180000000000089e+00 1.500000000000000000e+00 0.000000000000000000e+00
2.753239999999999910e+00 1.500000000000000000e+00 0.000000000000000000e+00
2.859290000000000109e+00 1.500000000000000000e+00 0.000000000000000000e+00
2.965349999999999930e+00 1.500000000000000000e+00 0.000000000000000000e+00
3.071410000000000196e+00 1.500000000000000000e+00 0.000000000000000000e+00
3.177459999999999951e+00 1.500000000000000000e+00 0.000000000000000000e+00
3.283520000000000216e+00 1.500000000000000000e+00 0.000000000000000000e+00
3.389580000000000037e+00 1.500000000000000000e+00 0.000000000000000000e+00
3.495629999999999793e+00 1.500000000000000000e+00 0.000000000000000000e+00
3.601690000000000058e+00 1.500000000000000000e+00 0.000000000000000000e+00
3.707749999999999879e+00 1.500000000000000000e+00 0.000000000000000000e+00
3.813800000000000079e+00 1.500000000000000000e+00 0.000000000000000000e+00
3.919859999999999900e+00 1.500000000000000000e+00 0.000000000000000000e+00
4.025920000000000165e+00 1.500000000000000000e+00 0.000000000000000000e+00
4.131969999999999921e+00 1.500000000000000000e+00 0.000000000000000000e+00
