/*--------------------------------*- C++ -*----------------------------------*\
  =========                 |
  \\      /  F ield         | OpenFOAM: The Open Source CFD Toolbox
   \\    /   O peration     | Website:  https://openfoam.org
    \\  /    A nd           | Version:  6
     \\/     M anipulation  |
\*---------------------------------------------------------------------------*/
FoamFile
{
    version     2.0;
    format      ascii;
    class       volVectorField;
    location    "60";
    object      C;
}
// * * * * * * * * * * * * * * * * * * * * * * * * * * * * * * * * * * * * * //

dimensions      [0 1 0 0 0 0 0];

internalField   nonuniform List<vector> 
1596
(
(-3.22384 0.067297 0)
(-3.25508 0.155429 0)
(-3.28695 0.243332 0)
(-3.31981 0.330859 1.74151e-18)
(-3.35399 0.417865 -5.09686e-18)
(-3.38978 0.50421 -4.97393e-18)
(-3.42738 0.589764 3.23859e-18)
(-3.46694 0.674415 0)
(-3.50876 0.75795 0)
(-3.55293 0.840245 0)
(-3.59984 0.920973 0)
(-3.64987 0.999783 0)
(-3.70305 1.07646 7.01048e-18)
(-3.75952 1.15072 3.53602e-18)
(-3.81954 1.22208 0)
(-3.88309 1.2903 0)
(-3.95013 1.35504 0)
(-4.02074 1.41581 -2.17915e-18)
(-4.09462 1.47258 0)
(-3.14953 0.109255 -1.79727e-18)
(-3.17948 0.195119 0)
(-3.21005 0.280753 5.23612e-18)
(-3.24158 0.366012 3.53758e-18)
(-3.27441 0.450751 5.18695e-18)
(-3.3088 0.534828 5.17086e-18)
(-3.34496 0.618114 0)
(-3.38303 0.700498 0)
(-3.42331 0.781765 -3.31828e-18)
(-3.46588 0.861793 3.52585e-18)
(-3.51113 0.940254 5.24313e-18)
(-3.55941 1.0168 -3.60578e-18)
(-3.61078 1.09121 0)
(-3.66536 1.1632 0)
(-3.7234 1.23229 3.6959e-18)
(-3.78488 1.29825 2.11607e-18)
(-3.84977 1.36072 -6.48795e-18)
(-3.91815 1.41923 0)
(-3.98971 1.47372 -2.53808e-18)
(-3.07135 0.143692 0)
(-3.10023 0.227694 -1.9083e-18)
(-3.1297 0.311467 0)
(-3.16011 0.394865 0)
(-3.19179 0.477743 -7.17516e-18)
(-3.22499 0.55996 1.88863e-18)
(-3.25993 0.641385 5.47054e-18)
(-3.29672 0.721908 3.58866e-18)
(-3.33566 0.801315 3.60284e-18)
(-3.37684 0.879482 0)
(-3.42063 0.956083 9.06466e-18)
(-3.46739 1.03077 -1.95555e-18)
(-3.51714 1.10332 -3.79046e-18)
(-3.57004 1.17344 0)
(-3.62631 1.24068 -6.13759e-18)
(-3.68593 1.30478 2.18863e-18)
(-3.74888 1.36539 2.30592e-18)
(-3.81523 1.42204 0)
(-3.88468 1.47467 2.62836e-18)
(-2.98968 0.169 0)
(-3.01766 0.251635 1.94333e-18)
(-3.04623 0.33404 0)
(-3.07571 0.416071 -1.93352e-18)
(-3.10643 0.497581 -3.66814e-18)
(-3.13863 0.578431 -3.66994e-18)
(-3.17252 0.658489 -7.34588e-18)
(-3.20822 0.737645 -5.62271e-18)
(-3.24602 0.815686 3.70342e-18)
(-3.286 0.892486 -3.72713e-18)
(-3.32853 0.967721 3.77578e-18)
(-3.37394 1.04104 0)
(-3.42227 1.11223 0)
(-3.47367 1.18098 5.9237e-18)
(-3.52836 1.24685 -4.16126e-18)
(-3.58631 1.30958 0)
(-3.6475 1.36883 0)
(-3.71202 1.42411 -4.85729e-18)
(-3.77955 1.47538 -2.50848e-18)
(-2.90542 0.183934 0)
(-2.93265 0.265762 0)
(-2.96045 0.347361 5.76766e-18)
(-2.98915 0.428586 0)
(-3.01904 0.50929 0)
(-3.05038 0.589334 -5.56741e-18)
(-3.08337 0.668586 0)
(-3.11812 0.746937 7.58777e-18)
(-3.15491 0.824172 0)
(-3.19383 0.900166 0)
(-3.23523 0.974596 0)
(-3.27943 1.04711 0)
(-3.32649 1.11749 4.03381e-18)
(-3.37653 1.18544 6.10745e-18)
(-3.42977 1.25051 -2.23905e-18)
(-3.48619 1.31243 0)
(-3.54577 1.37087 2.43737e-18)
(-3.60858 1.42535 0)
(-3.67433 1.47581 0)
(-2.8199 0.187949 0)
(-2.84645 0.269561 0)
(-2.87356 0.350944 5.96117e-18)
(-2.90153 0.431953 -2.04776e-18)
(-2.93067 0.512442 -3.89572e-18)
(-2.96122 0.59227 -2.04613e-18)
(-2.99337 0.671307 -2.04734e-18)
(-3.02723 0.749442 -3.91469e-18)
(-3.06309 0.826462 -5.80685e-18)
(-3.10101 0.902241 0)
(-3.14135 0.976456 0)
(-3.18442 1.04875 -1.93815e-18)
(-3.23027 1.11892 -1.97694e-18)
(-3.27901 1.18666 2.21803e-18)
(-3.33087 1.25151 0)
(-3.38583 1.31322 -2.36513e-18)
(-3.44387 1.37144 7.24559e-18)
(-3.50505 1.4257 0)
(-3.56908 1.47595 0)
(-2.73453 0.181347 -2.05821e-18)
(-2.76039 0.263318 0)
(-2.78679 0.345058 0)
(-2.81403 0.426426 5.97304e-18)
(-2.84241 0.507273 0)
(-2.87216 0.58746 2.11182e-18)
(-2.90347 0.666855 0)
(-2.93644 0.745349 0)
(-2.97135 0.822728 0)
(-3.00827 0.898865 0)
(-3.04754 0.973439 0)
(-3.08947 1.04609 4.1672e-18)
(-3.13409 1.11662 0)
(-3.18154 1.18472 0)
(-3.23202 1.24993 0)
(-3.28551 1.31199 4.59568e-18)
(-3.34198 1.37057 -9.6119e-18)
(-3.40152 1.4252 0)
(-3.46384 1.4758 1.2852e-18)
(-2.65047 0.165144 0)
(-2.67557 0.247992 0)
(-2.70119 0.330609 -4.20847e-18)
(-2.72763 0.412854 2.1891e-18)
(-2.75518 0.494579 0)
(-2.78406 0.575644 -4.15519e-18)
(-2.81445 0.655916 0)
(-2.84646 0.735288 0)
(-2.88036 0.813544 0)
(-2.9162 0.890559 0)
(-2.95433 0.966011 4.19519e-18)
(-2.99505 1.03954 0)
(-3.03838 1.11095 0)
(-3.08446 1.17992 4.37326e-18)
(-3.13348 1.24601 8.98851e-18)
(-3.18543 1.30895 2.40018e-18)
(-3.24029 1.36841 7.29133e-18)
(-3.29811 1.42391 2.60275e-18)
(-3.35864 1.47539 2.72331e-18)
(-2.56858 0.140379 0)
(-2.5928 0.224566 2.30654e-18)
(-2.61752 0.308524 0)
(-2.64305 0.39211 0)
(-2.66965 0.475174 0)
(-2.69754 0.55758 0)
(-2.7269 0.639193 6.46783e-18)
(-2.75784 0.719905 -4.23585e-18)
(-2.7906 0.799502 2.0205e-18)
(-2.82526 0.877857 4.2256e-18)
(-2.86213 0.954649 0)
(-2.90151 1.02952 0)
(-2.94344 1.10227 2.06934e-18)
(-2.98803 1.17258 4.38957e-18)
(-3.03548 1.24001 0)
(-3.08577 1.30429 4.58666e-18)
(-3.13889 1.36509 7.40772e-18)
(-3.19488 1.42193 0)
(-3.2535 1.47475 -3.89934e-18)
(-2.48898 0.109072 0)
(-2.5122 0.194953 -2.15226e-18)
(-2.53591 0.280604 0)
(-2.56039 0.365883 -6.47551e-18)
(-2.58592 0.450641 0)
(-2.6127 0.53474 0)
(-2.64091 0.618047 4.27198e-18)
(-2.67064 0.700452 -2.22057e-18)
(-2.70214 0.781742 0)
(-2.73549 0.861791 4.2222e-18)
(-2.77098 0.940276 4.2414e-18)
(-2.80891 1.01684 0)
(-2.84931 1.09128 4.48487e-18)
(-2.89229 1.16329 0)
(-2.93805 1.23241 2.31039e-18)
(-2.98656 1.29838 0)
(-3.03781 1.36087 2.41946e-18)
(-3.09186 1.4194 0)
(-3.14845 1.47392 6.37036e-18)
(-2.41139 0.0731975 2.21773e-18)
(-2.4335 0.161019 0)
(-2.45609 0.24861 0)
(-2.47942 0.33583 0)
(-2.50377 0.422528 -2.0804e-18)
(-2.52933 0.508567 -2.25243e-18)
(-2.55627 0.593814 4.27182e-18)
(-2.5847 0.678159 0)
(-2.61484 0.761389 0)
(-2.64676 0.843378 0)
(-2.68077 0.923803 -2.19783e-18)
(-2.71714 1.00231 0)
(-2.7559 1.07869 2.02409e-18)
(-2.79716 1.15263 -6.31603e-18)
(-2.84111 1.22369 -2.26881e-18)
(-2.88774 1.29161 0)
(-2.93701 1.35604 -2.36049e-18)
(-2.989 1.41651 4.6692e-18)
(-3.04346 1.47296 0)
(-2.33607 0.0329373 7.06049e-18)
(-2.35695 0.122936 -4.60922e-18)
(-2.37829 0.212705 0)
(-2.40035 0.302102 -2.12861e-18)
(-2.4234 0.390978 -2.28439e-18)
(-2.44762 0.479195 0)
(-2.47317 0.566619 -2.23377e-18)
(-2.50017 0.653142 0)
(-2.52882 0.738549 0)
(-2.5592 0.822715 0)
(-2.5916 0.905318 0)
(-2.62628 0.986001 6.34529e-18)
(-2.66328 1.06455 4.17791e-18)
(-2.7027 1.14068 0)
(-2.74473 1.21391 -2.22434e-18)
(-2.78934 1.28401 0)
(-2.83652 1.35061 -4.40651e-18)
(-2.88633 1.41326 0)
(-2.93852 1.47189 0)
(-2.26275 -0.010773 0)
(-2.28229 0.0815896 0)
(-2.30227 0.173722 -6.79003e-18)
(-2.32296 0.265482 4.39221e-18)
(-2.34459 0.356721 0)
(-2.36736 0.447302 4.26666e-18)
(-2.39143 0.537089 -6.40736e-18)
(-2.41688 0.625975 0)
(-2.44394 0.713746 -2.15769e-18)
(-2.47267 0.800275 1.94807e-18)
(-2.50335 0.885241 0)
(-2.53624 0.968287 -4.07022e-18)
(-2.57137 1.0492 0)
(-2.60884 1.12769 -4.08898e-18)
(-2.64884 1.20329 1.97393e-18)
(-2.69133 1.27574 -2.18158e-18)
(-2.73631 1.34472 0)
(-2.78383 1.40973 -4.35995e-18)
(-2.83365 1.47072 -4.65324e-18)
(-2.19069 -0.056468 0)
(-2.20882 0.038365 4.4782e-18)
(-2.22738 0.132968 0)
(-2.24663 0.227199 -2.2465e-18)
(-2.26678 0.320908 2.20914e-18)
(-2.28803 0.413959 -2.18167e-18)
(-2.31054 0.506217 4.1132e-18)
(-2.33438 0.597573 6.00313e-18)
(-2.35977 0.687814 0)
(-2.38679 0.776814 0)
(-2.41568 0.86425 -2.08058e-18)
(-2.44671 0.949766 0)
(-2.4799 1.03315 -9.80028e-18)
(-2.51536 1.11411 -1.89523e-19)
(-2.55326 1.19218 0)
(-2.59356 1.26711 -4.03714e-18)
(-2.63627 1.33855 2.15129e-18)
(-2.68143 1.40603 0)
(-2.72882 1.46949 -4.29126e-18)
(-2.11969 -0.103723 -2.24652e-18)
(-2.13635 -0.00633516 4.38802e-18)
(-2.15344 0.0908223 -2.04804e-18)
(-2.17117 0.187608 2.20043e-18)
(-2.18979 0.283872 0)
(-2.20947 0.379478 -2.134e-18)
(-2.23036 0.47429 4.01637e-18)
(-2.25253 0.568201 0)
(-2.27621 0.660997 0)
(-2.30144 0.752551 2.03483e-18)
(-2.3285 0.842542 1.83745e-18)
(-2.35761 0.930613 -2.01907e-18)
(-2.38881 1.01655 2.01642e-18)
(-2.42219 1.10007 5.67677e-18)
(-2.45793 1.18069 7.76242e-18)
(-2.496 1.25817 0)
(-2.53638 1.33217 0)
(-2.57912 1.4022 -4.04674e-18)
(-2.62402 1.46822 4.1264e-18)
(-2.04949 -0.152129 -4.26954e-18)
(-2.06465 -0.0521247 -2.22616e-18)
(-2.08021 0.0476495 0)
(-2.0964 0.147052 0)
(-2.11344 0.245933 2.10319e-18)
(-2.1315 0.344155 0)
(-2.15072 0.441584 4.08926e-18)
(-2.17119 0.538112 -5.68e-18)
(-2.1931 0.633524 0)
(-2.21652 0.727695 0)
(-2.24169 0.820302 0)
(-2.26884 0.91099 -1.76962e-18)
(-2.298 0.999549 0)
(-2.32927 1.08568 0)
(-2.3628 1.16892 0)
(-2.39858 1.24901 0)
(-2.43659 1.32563 0)
(-2.47688 1.39828 -3.89845e-18)
(-2.51925 1.46691 -1.89027e-18)
(-1.97952 -0.200848 0)
(-1.99316 -0.0982105 0)
(-2.00718 0.00419693 0)
(-2.02181 0.106232 -3.93815e-18)
(-2.03726 0.207747 -3.86943e-18)
(-2.05369 0.308602 -3.81683e-18)
(-2.07124 0.408665 0)
(-2.08999 0.507826 1.95193e-18)
(-2.11013 0.605872 -3.67418e-18)
(-2.13171 0.702676 0)
(-2.15498 0.797917 0)
(-2.18016 0.891238 0)
(-2.20728 0.98243 8.88751e-18)
(-2.23642 1.07119 8.89093e-18)
(-2.26774 1.15707 8.95731e-18)
(-2.30122 1.2398 0)
(-2.33684 1.31904 0)
(-2.37467 1.39433 0)
(-2.41448 1.46559 0)
(-1.90933 -0.249255 5.83621e-18)
(-1.92146 -0.144001 4.12242e-18)
(-1.93396 -0.0389775 2.01983e-18)
(-1.94704 0.0656743 -1.7987e-18)
(-1.96091 0.169805 0)
(-1.97573 0.273277 -1.93308e-18)
(-1.99162 0.375955 0)
(-2.00866 0.477733 0)
(-2.02703 0.578395 5.22207e-18)
(-2.04679 0.677816 0)
(-2.06817 0.775673 -1.89979e-19)
(-2.09139 0.871611 0)
(-2.11647 0.96542 1.83012e-18)
(-2.1435 1.0568 0)
(-2.17261 1.14529 3.49714e-18)
(-2.20381 1.23064 0)
(-2.23707 1.3125 -8.82021e-18)
(-2.27243 1.3904 5.34351e-18)
(-2.30972 1.46428 0)
(-1.83897 -0.297434 0)
(-1.8496 -0.189576 -3.80044e-18)
(-1.86059 -0.0819478 1.95657e-18)
(-1.87213 0.0253081 0)
(-1.88443 0.132043 0)
(-1.89764 0.238119 1.87467e-18)
(-1.91187 0.343402 0)
(-1.92721 0.447783 3.46937e-18)
(-1.94383 0.55105 0)
(-1.96179 0.653075 0)
(-1.98129 0.753536 0)
(-2.00256 0.852079 0)
(-2.02561 0.948491 0)
(-2.05053 1.04247 -5.14025e-18)
(-2.07745 1.13357 -8.37138e-18)
(-2.10637 1.22152 -1.79599e-18)
(-2.13726 1.30599 -5.2702e-18)
(-2.17018 1.38649 0)
(-2.20494 1.46298 0)
(-1.76803 -0.344769 5.43288e-18)
(-1.77719 -0.234353 0)
(-1.7867 -0.124167 1.87032e-18)
(-1.79674 -0.0143528 2.03543e-18)
(-1.8075 0.0949401 0)
(-1.81913 0.203574 -8.42675e-18)
(-1.83174 0.311415 3.36613e-18)
(-1.84541 0.418355 6.85279e-18)
(-1.86031 0.52418 0)
(-1.87649 0.628763 4.81059e-18)
(-1.89415 0.731783 -3.25912e-18)
(-1.91349 0.832883 4.96668e-18)
(-1.93455 0.931854 -6.298e-18)
(-1.95739 1.0284 3.4377e-18)
(-1.98215 1.12205 0)
(-2.00882 1.21256 6.38745e-18)
(-2.03739 1.29958 0)
(-2.06789 1.38265 1.60047e-18)
(-2.10016 1.4617 3.25818e-18)
(-1.69562 -0.389877 3.38761e-18)
(-1.70339 -0.277024 0)
(-1.71149 -0.164401 0)
(-1.72011 -0.0521492 0)
(-1.72941 0.0595812 -3.28702e-18)
(-1.73954 0.170652 0)
(-1.75062 0.280931 -4.92463e-18)
(-1.7627 0.390309 -4.88211e-18)
(-1.77596 0.498571 0)
(-1.79043 0.605592 -3.14258e-18)
(-1.80632 0.711049 -7.74355e-18)
(-1.82383 0.814588 -7.72616e-18)
(-1.84297 0.915997 0)
(-1.86382 1.01498 -4.60859e-18)
(-1.8865 1.11107 0)
(-1.91101 1.20402 -6.17399e-18)
(-1.93732 1.29348 0)
(-1.96549 1.37898 1.54801e-18)
(-1.99534 1.46047 -6.49855e-18)
(-1.62129 -0.431862 1.55263e-18)
(-1.62779 -0.31674 -4.97102e-18)
(-1.63459 -0.201848 0)
(-1.64188 -0.0873282 -1.29952e-18)
(-1.64983 0.0266706 3.13733e-18)
(-1.65856 0.14001 0)
(-1.6682 0.252558 -4.52998e-18)
(-1.6788 0.364204 -1.43531e-18)
(-1.69052 0.474735 -6.08664e-18)
(-1.7034 0.584025 -1.41679e-18)
(-1.71763 0.691751 0)
(-1.7334 0.797558 -4.43318e-18)
(-1.75072 0.901236 -3.0233e-18)
(-1.76968 1.00248 -3.03396e-18)
(-1.79038 1.10084 -3.06261e-18)
(-1.81283 1.19606 0)
(-1.837 1.28779 0)
(-1.86293 1.37557 0)
(-1.89047 1.45932 1.72171e-18)
(-1.54471 -0.469662 4.48358e-18)
(-1.55004 -0.352498 0)
(-1.55566 -0.235564 6.09106e-18)
(-1.56176 -0.119002 -6.04002e-18)
(-1.56847 -0.00296084 6.17819e-18)
(-1.57594 0.112421 0)
(-1.58426 0.227011 0)
(-1.5935 0.340699 7.24816e-18)
(-1.6038 0.453272 0)
(-1.6152 0.564604 2.9122e-18)
(-1.6279 0.674373 0)
(-1.64205 0.782223 -4.27882e-18)
(-1.65769 0.887943 0)
(-1.67487 0.991235 -1.56533e-18)
(-1.69372 1.09164 1.90836e-19)
(-1.71423 1.1889 5.80719e-18)
(-1.73637 1.28267 -3.05195e-18)
(-1.7602 1.37249 1.90679e-19)
(-1.78555 1.45829 0)
(-1.46548 -0.501666 7.09479e-18)
(-1.46979 -0.382774 4.29356e-18)
(-1.47439 -0.264111 0)
(-1.47942 -0.14582 -1.5363e-18)
(-1.48505 -0.0280504 0)
(-1.49138 0.0890603 2.84896e-18)
(-1.49853 0.205379 0)
(-1.50655 0.320796 2.63265e-18)
(-1.51558 0.435098 0)
(-1.52566 0.548159 0)
(-1.53695 0.659656 8.2577e-18)
(-1.54964 0.769235 0)
(-1.56373 0.876685 0)
(-1.57928 0.981706 2.85584e-18)
(-1.59643 1.08384 0)
(-1.61513 1.18283 -1.36606e-18)
(-1.6354 1.27833 0)
(-1.65726 1.36988 0)
(-1.68056 1.4574 0)
(-1.38404 -0.526758 -4.13552e-18)
(-1.38815 -0.408361 0)
(-1.39253 -0.290193 0)
(-1.39733 -0.172397 0)
(-1.40269 -0.0551221 0)
(-1.40872 0.0614936 0)
(-1.41552 0.177317 0)
(-1.42314 0.29224 0)
(-1.43171 0.406048 8.00572e-18)
(-1.44128 0.518616 1.75263e-18)
(-1.452 0.62962 -8.42347e-18)
(-1.46404 0.738707 1.85379e-18)
(-1.47741 0.845665 0)
(-1.49216 0.950196 0)
(-1.50842 1.05184 -6.05844e-18)
(-1.52616 1.15034 0)
(-1.54537 1.24536 -2.32023e-18)
(-1.5661 1.33642 4.95884e-18)
(-1.58819 1.42347 2.66067e-18)
(-1.30032 -0.541736 0)
(-1.30506 -0.426265 2.71505e-18)
(-1.31005 -0.311024 0)
(-1.31543 -0.196156 0)
(-1.32134 -0.0818079 0)
(-1.32789 0.0318807 0)
(-1.33516 0.144778 0)
(-1.34321 0.256774 -1.94535e-19)
(-1.35215 0.367655 0)
(-1.36204 0.477297 0)
(-1.37301 0.585375 -1.82844e-18)
(-1.38522 0.691536 -1.8868e-18)
(-1.39868 0.795569 0)
(-1.41346 0.897175 -3.87976e-18)
(-1.42965 0.995895 -2.14345e-18)
(-1.44724 1.09147 0)
(-1.46622 1.18357 -2.4113e-18)
(-1.48663 1.27172 8.78886e-18)
(-1.50834 1.35584 0)
(-1.21564 -0.543105 0)
(-1.22108 -0.431339 5.77148e-18)
(-1.22675 -0.319802 -8.86191e-18)
(-1.2328 -0.208638 0)
(-1.23934 -0.0979948 -3.10904e-18)
(-1.24648 0.0119895 -2.96971e-18)
(-1.2543 0.121182 0)
(-1.26284 0.229474 0)
(-1.27223 0.336652 -4.95119e-18)
(-1.28251 0.44259 -1.94977e-19)
(-1.2938 0.546964 -1.68238e-18)
(-1.30626 0.649422 0)
(-1.3199 0.749752 9.47736e-18)
(-1.33477 0.847657 4.00393e-18)
(-1.35098 0.942675 0)
(-1.36849 1.03455 4.47829e-18)
(-1.38732 1.12295 -2.5071e-18)
(-1.40749 1.2074 0)
(-1.42888 1.28784 -6.10089e-18)
(-1.13216 -0.530609 0)
(-1.13823 -0.423296 0)
(-1.14453 -0.316213 0)
(-1.15117 -0.209502 -1.71307e-18)
(-1.15827 -0.103312 -8.09499e-18)
(-1.16594 0.00221928 0)
(-1.17424 0.106959 4.98842e-18)
(-1.18322 0.210798 0)
(-1.193 0.313523 3.73322e-18)
(-1.20359 0.415008 0)
(-1.21515 0.51493 5.51131e-18)
(-1.22779 0.612936 -3.86888e-18)
(-1.24154 0.708814 -2.11009e-18)
(-1.25645 0.802268 0)
(-1.27259 0.892836 0)
(-1.28997 0.980266 0)
(-1.30858 1.06422 0)
(-1.32844 1.14422 -2.87864e-18)
(-1.34945 1.22021 0)
(-1.05139 -0.506709 0)
(-1.05796 -0.404466 0)
(-1.06473 -0.302452 1.6126e-18)
(-1.07182 -0.200811 -5.09866e-18)
(-1.07934 -0.0996895 0)
(-1.08738 0.000772044 1.88068e-18)
(-1.09602 0.100443 1.95455e-19)
(-1.10529 0.199212 5.63875e-18)
(-1.1153 0.296868 3.77531e-18)
(-1.12607 0.393284 0)
(-1.13774 0.488137 2.09083e-18)
(-1.15042 0.581074 -4.1235e-18)
(-1.16413 0.671885 -2.2432e-18)
(-1.17892 0.76027 -1.95992e-19)
(-1.19487 0.845772 -2.47947e-18)
(-1.21196 0.928136 -7.68876e-18)
(-1.2302 1.00703 -6.80434e-18)
(-1.24961 1.08197 3.29791e-18)
(-1.27009 1.1529 -3.42044e-18)
(-0.973854 -0.474353 -5.36801e-18)
(-0.980732 -0.377636 3.67549e-18)
(-0.987799 -0.281148 -5.46659e-18)
(-0.995164 -0.185034 1.7785e-18)
(-1.00293 -0.0894387 -5.59882e-18)
(-1.01118 0.00549651 0)
(-1.01998 0.0996408 0)
(-1.02936 0.192884 0)
(-1.03943 0.285014 6.00607e-18)
(-1.05021 0.375904 0)
(-1.06181 0.465231 0)
(-1.07436 0.552643 0)
(-1.08786 0.637928 2.21299e-18)
(-1.10235 0.720789 0)
(-1.11792 0.800767 2.67114e-18)
(-1.13456 0.877609 9.83767e-18)
(-1.15226 0.950979 0)
(-1.17105 1.0204 6.76944e-18)
(-1.19083 1.08583 -1.98104e-18)
(-0.898839 -0.436711 0)
(-0.905893 -0.345806 3.95701e-18)
(-0.913122 -0.255131 0)
(-0.920626 -0.164829 -2.11683e-18)
(-0.928498 -0.0750467 0)
(-0.936815 0.0140759 6.31719e-18)
(-0.945636 0.102408 0)
(-0.954999 0.189839 2.24159e-18)
(-0.96499 0.276156 0)
(-0.975635 0.361234 0)
(-0.987042 0.444749 0)
(-0.999313 0.526349 9.58249e-18)
(-1.01246 0.605823 5.19241e-18)
(-1.02653 0.682874 2.72222e-18)
(-1.04159 0.757043 -7.14054e-18)
(-1.05763 0.828078 2.89298e-18)
(-1.07465 0.895643 -3.37502e-18)
(-1.09268 0.959268 0)
(-1.11163 1.0189 2.2016e-18)
(-0.825282 -0.396456 -2.01365e-18)
(-0.832435 -0.311505 0)
(-0.839747 -0.226784 0)
(-0.84731 -0.142436 -2.27214e-18)
(-0.85521 -0.0586074 0)
(-0.863516 0.0245612 0)
(-0.872283 0.106939 0)
(-0.881545 0.188417 0)
(-0.891381 0.26878 0)
(-0.901813 0.347905 5.03896e-18)
(-0.912943 0.425468 0)
(-0.924862 0.501115 6.64243e-18)
(-0.937585 0.574638 0)
(-0.951147 0.645738 4.34206e-18)
(-0.965617 0.713958 -7.81088e-18)
(-0.980984 0.779045 0)
(-0.997256 0.840667 7.47724e-18)
(-1.01445 0.898354 -4.38682e-18)
(-1.0325 0.952057 2.48845e-18)
(-0.752682 -0.354607 2.27667e-18)
(-0.759882 -0.275697 0)
(-0.767225 -0.197015 0)
(-0.774797 -0.118708 0)
(-0.782673 -0.0409196 -2.47348e-18)
(-0.790917 0.0362091 0)
(-0.799578 0.112547 0)
(-0.808688 0.187985 -3.80399e-18)
(-0.818316 0.262309 -1.96638e-19)
(-0.828486 0.335395 2.72715e-18)
(-0.839287 0.406919 5.64549e-18)
(-0.850804 0.476529 0)
(-0.863049 0.544014 -1.43722e-18)
(-0.876055 0.609078 0)
(-0.889888 0.671265 0)
(-0.904533 0.730321 0)
(-0.920006 0.785918 -4.19712e-18)
(-0.936328 0.837589 -2.4847e-18)
(-0.953435 0.88529 2.00968e-19)
(-0.680316 -0.312374 0)
(-0.68755 -0.239526 2.56186e-18)
(-0.694913 -0.166906 -2.39085e-18)
(-0.702481 -0.0946592 0)
(-0.710321 -0.022932 -1.22993e-18)
(-0.71849 0.0481357 -7.90947e-18)
(-0.727033 0.118413 -2.55311e-18)
(-0.735978 0.187791 0)
(-0.745388 0.256055 0)
(-0.755282 0.323081 0)
(-0.765743 0.388546 2.87577e-18)
(-0.776846 0.452098 0)
(-0.788602 0.513526 0)
(-0.801041 0.572535 3.58448e-18)
(-0.814225 0.62867 -1.8437e-18)
(-0.828141 0.681677 2.21889e-18)
(-0.84281 0.731235 9.57327e-18)
(-0.858254 0.77688 2.87393e-18)
(-0.874429 0.818579 3.41563e-18)
(-0.607023 -0.270556 5.04802e-18)
(-0.613821 -0.202899 0)
(-0.620733 -0.135472 0)
(-0.627825 -0.0684192 0)
(-0.635158 -0.00188711 -2.65133e-18)
(-0.642781 0.0639842 2.66079e-18)
(-0.650734 0.129064 0)
(-0.659042 0.193242 2.69033e-18)
(-0.667759 0.256305 0)
(-0.676904 0.318127 -2.75161e-18)
(-0.686549 0.378386 -6.93469e-18)
(-0.696759 0.436727 0)
(-0.707545 0.492941 0)
(-0.718932 0.546729 3.1071e-18)
(-0.730974 0.597632 -9.87825e-18)
(-0.743658 0.645398 1.65288e-18)
(-0.756999 0.68969 0)
(-0.771011 0.730035 6.30283e-18)
(-0.785644 0.766382 0)
(-0.532251 -0.229669 7.9256e-18)
(-0.537977 -0.165368 -1.46921e-18)
(-0.543802 -0.101298 0)
(-0.549782 -0.0376024 0)
(-0.555971 0.0255726 0)
(-0.562412 0.0880866 -6.41231e-18)
(-0.569138 0.149809 8.02706e-18)
(-0.576171 0.210629 5.16359e-18)
(-0.58356 0.270333 -1.44215e-18)
(-0.591318 0.328797 0)
(-0.599509 0.385695 -2.74613e-18)
(-0.608189 0.440675 4.09705e-18)
(-0.617367 0.493526 0)
(-0.627065 0.543948 0)
(-0.637329 0.591482 0)
(-0.648146 0.635874 3.26254e-18)
(-0.659527 0.676783 -5.17781e-18)
(-0.671482 0.713735 -5.67317e-18)
(-0.683964 0.746672 -2.23291e-18)
(-0.455802 -0.191587 0)
(-0.460359 -0.129541 0)
(-0.464998 -0.0677259 0)
(-0.469771 -0.00628492 -5.52652e-18)
(-0.474719 0.0546355 2.75147e-18)
(-0.479881 0.114895 4.0279e-18)
(-0.485284 0.174363 4.02557e-18)
(-0.490947 0.232928 0)
(-0.496911 0.290378 0)
(-0.503187 0.346588 1.49366e-18)
(-0.509831 0.401232 0)
(-0.516889 0.453958 -1.35329e-18)
(-0.524369 0.504554 0)
(-0.532289 0.552722 4.53391e-18)
(-0.540689 0.598002 1.52775e-18)
(-0.549558 0.64014 -3.42974e-18)
(-0.558907 0.678795 1.95614e-18)
(-0.568745 0.713492 4.09446e-18)
(-0.579031 0.744174 0)
(-0.376947 -0.158582 0)
(-0.380464 -0.0984876 2.83075e-18)
(-0.384048 -0.0386232 -4.12104e-18)
(-0.387742 0.0208671 0)
(-0.391579 0.0798368 0)
(-0.395591 0.138146 -1.49716e-18)
(-0.399801 0.195663 -8.2179e-18)
(-0.404223 0.252278 -2.81729e-18)
(-0.408892 0.307778 0)
(-0.413816 0.362037 2.86627e-18)
(-0.419041 0.414731 1.5586e-18)
(-0.424606 0.465506 0)
(-0.430515 0.514153 9.0521e-18)
(-0.436786 0.560371 0)
(-0.44345 0.6037 0)
(-0.450498 0.643888 0)
(-0.457941 0.680592 2.04962e-18)
(-0.465786 0.713338 -4.32877e-18)
(-0.474001 0.742068 0)
(-0.295768 -0.131527 -6.80395e-18)
(-0.298369 -0.0730247 0)
(-0.301023 -0.0147517 0)
(-0.303762 0.0431473 5.48813e-18)
(-0.306613 0.100526 0)
(-0.309599 0.157244 0)
(-0.31274 0.21317 8.36509e-18)
(-0.316045 0.268194 0)
(-0.319543 0.322103 0)
(-0.323239 0.374771 1.56209e-18)
(-0.32717 0.425874 0)
(-0.331365 0.475059 0)
(-0.335829 0.522114 4.85447e-18)
(-0.340573 0.566741 0)
(-0.345625 0.608479 -3.50164e-18)
(-0.350976 0.647076 -3.72237e-18)
(-0.356635 0.682189 0)
(-0.362609 0.713343 2.37001e-18)
(-0.368873 0.740481 -2.68049e-18)
(-0.212714 -0.110655 0)
(-0.2145 -0.0533734 4.22683e-18)
(-0.216324 0.00367862 1.33797e-18)
(-0.218208 0.0603569 0)
(-0.220172 0.116515 1.3375e-18)
(-0.222234 0.172012 -1.3434e-18)
(-0.224405 0.226717 0)
(-0.226694 0.280521 0)
(-0.22912 0.333209 0)
(-0.231689 0.384657 2.98177e-18)
(-0.234425 0.434539 -1.62291e-18)
(-0.237349 0.482503 -1.47082e-18)
(-0.240466 0.528338 0)
(-0.243784 0.571745 -8.3677e-18)
(-0.247322 0.612263 0)
(-0.251074 0.649639 0)
(-0.255047 0.68353 2.20595e-18)
(-0.259247 0.713463 2.26707e-18)
(-0.263655 0.739379 -2.80037e-18)
(-0.128242 -0.0962962 4.17016e-18)
(-0.129288 -0.0398504 0)
(-0.130358 0.0163656 -1.3465e-18)
(-0.131463 0.072208 -7.1231e-18)
(-0.132617 0.12753 0)
(-0.133829 0.182191 0)
(-0.135106 0.236061 2.91774e-18)
(-0.136455 0.289029 0)
(-0.137886 0.340881 -1.92882e-19)
(-0.139402 0.391493 1.60542e-18)
(-0.141019 0.44054 4.54374e-18)
(-0.14275 0.487668 6.55439e-18)
(-0.144595 0.532667 0)
(-0.146562 0.575238 -8.51732e-18)
(-0.148661 0.61492 -3.66997e-18)
(-0.150889 0.65146 2.0567e-18)
(-0.15325 0.684516 -4.32344e-18)
(-0.155748 0.713613 -2.52836e-18)
(-0.158373 0.738692 0)
(-0.0428655 -0.0886717 0)
(-0.0432215 -0.0326738 0)
(-0.043585 0.0230942 2.89483e-18)
(-0.0439604 0.0784887 -1.5453e-18)
(-0.0443518 0.133363 0)
(-0.0447626 0.187576 0)
(-0.0451952 0.240998 0)
(-0.0456516 0.293518 0)
(-0.0461354 0.344922 0)
(-0.0466477 0.395086 6.07505e-18)
(-0.0471938 0.443685 0)
(-0.0477778 0.490366 0)
(-0.0484006 0.534918 0)
(-0.049064 0.577041 0)
(-0.0497718 0.616275 0)
(-0.050523 0.652367 0)
(-0.0513195 0.684974 0)
(-0.0521623 0.713623 0)
(-0.0530483 0.738254 0)
(0.0428424 -0.0886716 0)
(0.0431602 -0.0326738 0)
(0.0434858 0.0230941 5.59675e-18)
(0.0438238 0.0784885 0)
(0.0441779 0.133362 4.25488e-18)
(0.0445516 0.187576 0)
(0.0449473 0.240998 -7.23305e-18)
(0.0453668 0.293517 -4.53363e-18)
(0.0458136 0.344922 0)
(0.0462889 0.395086 1.61457e-18)
(0.0467976 0.443685 -9.15338e-18)
(0.0473439 0.490365 0)
(0.0479285 0.534917 0)
(0.0485532 0.57704 0)
(0.0492216 0.616274 1.95009e-18)
(0.0499325 0.652366 2.07892e-18)
(0.050688 0.684973 -4.57271e-18)
(0.0514887 0.713622 0)
(0.0523318 0.738252 0)
(0.128218 -0.0962958 -4.16951e-18)
(0.129227 -0.0398504 -2.89636e-18)
(0.130258 0.0163652 0)
(0.131326 0.0722073 -2.88696e-18)
(0.132443 0.127529 -2.88871e-18)
(0.133617 0.18219 -4.25889e-18)
(0.134858 0.236059 4.2793e-18)
(0.13617 0.289027 4.31698e-18)
(0.137564 0.340879 7.15619e-18)
(0.139043 0.39149 -5.84217e-18)
(0.140623 0.440537 1.64199e-18)
(0.142315 0.487665 1.6856e-18)
(0.144123 0.532664 0)
(0.146051 0.575234 0)
(0.148111 0.614916 3.66857e-18)
(0.150298 0.651456 1.86382e-18)
(0.152619 0.684511 -2.25645e-18)
(0.155075 0.713607 0)
(0.157657 0.738686 -2.6976e-18)
(0.21269 -0.110654 -4.14949e-18)
(0.214438 -0.053373 -1.53621e-18)
(0.216223 0.00367843 7.07375e-18)
(0.21807 0.0603562 1.52938e-18)
(0.219997 0.116513 0)
(0.222022 0.17201 0)
(0.224156 0.226715 0)
(0.226408 0.280518 0)
(0.228798 0.333206 2.94402e-18)
(0.231329 0.384653 5.76889e-18)
(0.234028 0.434535 -4.48069e-18)
(0.236915 0.482498 -2.94185e-18)
(0.239994 0.528333 0)
(0.243273 0.571739 -5.17108e-18)
(0.246772 0.612256 0)
(0.250483 0.649631 0)
(0.254416 0.683522 0)
(0.258573 0.713455 0)
(0.262939 0.73937 -1.49351e-18)
(0.295744 -0.131526 0)
(0.298307 -0.073024 9.71737e-18)
(0.300923 -0.0147518 -2.8426e-18)
(0.303624 0.0431465 -1.51499e-18)
(0.306438 0.100524 5.4793e-18)
(0.309387 0.157241 0)
(0.312491 0.213167 0)
(0.31576 0.26819 0)
(0.31922 0.322098 0)
(0.32288 0.374766 -7.2255e-18)
(0.326774 0.425868 0)
(0.330931 0.475052 9.01391e-18)
(0.335356 0.522107 0)
(0.340062 0.566733 -7.96486e-18)
(0.345074 0.608471 1.65405e-18)
(0.350385 0.647067 0)
(0.356003 0.682179 2.13147e-18)
(0.361935 0.713332 -4.54175e-18)
(0.368157 0.74047 -2.67573e-18)
(0.376924 -0.15858 0)
(0.380402 -0.0984872 2.82836e-18)
(0.383949 -0.0386238 -1.90824e-19)
(0.387605 0.0208655 0)
(0.391405 0.0798342 -9.49429e-18)
(0.39538 0.138142 -2.79801e-18)
(0.399553 0.195658 8.21308e-18)
(0.403938 0.252273 -9.5651e-18)
(0.40857 0.307771 0)
(0.413457 0.36203 0)
(0.418645 0.414722 0)
(0.424172 0.465497 0)
(0.430043 0.514142 6.15765e-18)
(0.436275 0.560359 0)
(0.4429 0.603687 1.7845e-18)
(0.449908 0.643874 8.85346e-18)
(0.457309 0.680577 0)
(0.465112 0.713323 -4.32392e-18)
(0.473284 0.742052 2.53361e-18)
(0.45578 -0.191586 -4.03662e-18)
(0.460298 -0.129542 0)
(0.4649 -0.0677274 0)
(0.469634 -0.0062877 0)
(0.474545 0.0546314 9.33415e-18)
(0.47967 0.11489 0)
(0.485036 0.174356 9.32295e-18)
(0.490663 0.23292 2.7532e-18)
(0.49659 0.290369 0)
(0.502829 0.346577 0)
(0.509436 0.40122 0)
(0.516456 0.453945 4.25058e-18)
(0.523897 0.50454 8.93243e-18)
(0.531779 0.552707 -1.63677e-18)
(0.540139 0.597985 0)
(0.548968 0.640122 5.04305e-18)
(0.558276 0.678775 0)
(0.568071 0.713471 0)
(0.578315 0.744152 -4.5763e-18)
(0.532228 -0.229668 0)
(0.537914 -0.165369 0)
(0.543699 -0.1013 9.22088e-18)
(0.549641 -0.037606 1.25484e-18)
(0.555791 0.0255675 0)
(0.562193 0.08808 2.48837e-18)
(0.568881 0.149801 0)
(0.575875 0.210619 -2.67616e-18)
(0.583225 0.270322 0)
(0.590945 0.328784 2.89261e-18)
(0.599097 0.385681 1.46679e-18)
(0.607738 0.440659 0)
(0.616876 0.493508 1.52669e-18)
(0.626534 0.543929 0)
(0.636756 0.591461 0)
(0.647532 0.635853 0)
(0.65887 0.67676 1.85144e-18)
(0.670781 0.71371 3.84339e-18)
(0.683218 0.746645 -2.03861e-18)
(0.607 -0.27056 -3.80651e-18)
(0.613763 -0.202917 0)
(0.620639 -0.135504 0)
(0.627697 -0.0684658 -2.64476e-18)
(0.634995 -0.00194819 -2.6445e-18)
(0.642584 0.0639086 -3.88535e-18)
(0.650502 0.128974 0)
(0.658775 0.193137 0)
(0.667459 0.256185 3.96962e-18)
(0.676568 0.317994 -1.27618e-18)
(0.686179 0.378237 0)
(0.696354 0.436564 0)
(0.707104 0.492763 4.35945e-18)
(0.718455 0.546536 -7.63788e-18)
(0.730459 0.597425 -1.1374e-17)
(0.743105 0.645176 0)
(0.756407 0.689453 1.99886e-18)
(0.770379 0.729783 0)
(0.78497 0.766113 0)
(0.6803 -0.312385 -2.43491e-18)
(0.687506 -0.23956 0)
(0.694842 -0.166965 2.58132e-18)
(0.702383 -0.0947434 0)
(0.710196 -0.0230409 -6.34026e-18)
(0.718339 0.0480021 -2.69506e-18)
(0.726856 0.118255 0)
(0.735774 0.187608 0)
(0.745158 0.255847 0)
(0.755026 0.322849 2.76108e-18)
(0.765461 0.388289 5.93881e-18)
(0.776536 0.451816 1.88837e-19)
(0.788265 0.51322 0)
(0.800676 0.572204 -1.88072e-18)
(0.813831 0.628314 0)
(0.827718 0.681297 -1.87725e-19)
(0.842356 0.73083 0)
(0.857769 0.77645 0)
(0.873912 0.818124 -3.39442e-18)
(0.752666 -0.354616 4.44959e-18)
(0.759841 -0.275728 -4.58756e-18)
(0.76716 -0.19707 6.85046e-18)
(0.774707 -0.118785 7.12459e-18)
(0.782559 -0.0410192 -4.74569e-18)
(0.790778 0.0360868 7.32768e-18)
(0.799416 0.112402 2.54581e-18)
(0.808501 0.187817 2.59529e-18)
(0.818106 0.262119 2.65469e-18)
(0.828251 0.335182 0)
(0.839028 0.406684 -2.81583e-18)
(0.850521 0.476271 0)
(0.862741 0.543733 0)
(0.875721 0.608775 1.71293e-18)
(0.889527 0.670939 -5.12652e-18)
(0.904146 0.729972 0)
(0.919591 0.785547 0)
(0.935885 0.837195 -4.75718e-18)
(0.952962 0.884874 0)
(0.825266 -0.396465 9.34884e-20)
(0.832394 -0.311537 -4.25602e-18)
(0.839681 -0.226838 4.29415e-18)
(0.84722 -0.142513 -8.68751e-18)
(0.855096 -0.0587071 -1.9005e-19)
(0.863377 0.0244389 0)
(0.872121 0.106794 -2.36148e-18)
(0.881358 0.188249 7.0241e-18)
(0.89117 0.26859 -7.17912e-18)
(0.901578 0.347692 -2.51337e-18)
(0.912684 0.425232 -3.79836e-18)
(0.924579 0.500857 -2.68968e-18)
(0.937276 0.574357 0)
(0.950812 0.645434 0)
(0.965257 0.713632 -1.67247e-18)
(0.980597 0.778696 0)
(0.996841 0.840296 0)
(1.01401 0.897961 0)
(1.03203 0.951641 2.28853e-18)
(0.898823 -0.43672 -3.82215e-18)
(0.905852 -0.345838 0)
(0.913056 -0.255185 0)
(0.920536 -0.164906 0)
(0.928384 -0.0751465 0)
(0.936676 0.0139534 -2.16595e-18)
(0.945474 0.102263 0)
(0.954813 0.189671 -4.28239e-18)
(0.96478 0.275966 -2.2823e-18)
(0.9754 0.361021 -4.47593e-18)
(0.986783 0.444514 0)
(0.999029 0.526091 0)
(1.01215 0.605543 -1.20006e-18)
(1.0262 0.682571 2.71552e-18)
(1.04123 0.756718 0)
(1.05724 0.827729 6.16494e-18)
(1.07424 0.895272 1.58878e-18)
(1.09224 0.958874 1.95928e-18)
(1.11116 1.01848 6.38432e-18)
(0.973839 -0.474363 1.81802e-18)
(0.980692 -0.377669 3.67171e-18)
(0.987734 -0.281203 9.16893e-18)
(0.995075 -0.185111 -5.5276e-18)
(1.00282 -0.089539 3.79365e-18)
(1.01104 0.00537364 0)
(1.01981 0.0994954 2.04968e-18)
(1.02918 0.192716 0)
(1.03922 0.284823 0)
(1.04997 0.375691 2.17371e-18)
(1.06155 0.464996 0)
(1.07407 0.552384 0)
(1.08755 0.637647 -2.40336e-18)
(1.10202 0.720486 0)
(1.11756 0.800441 0)
(1.13417 0.877261 -1.8964e-19)
(1.15184 0.950608 -4.51507e-18)
(1.1706 1.02001 -5.15904e-18)
(1.19035 1.08541 1.78282e-18)
(1.05138 -0.50672 3.15679e-18)
(1.05792 -0.404499 -1.78646e-18)
(1.06466 -0.302507 0)
(1.07173 -0.200889 -5.28652e-18)
(1.07923 -0.09979 0)
(1.08725 0.000648994 7.12443e-18)
(1.09586 0.100297 -1.90564e-18)
(1.10511 0.199044 0)
(1.11509 0.296677 -1.98097e-18)
(1.12584 0.393071 -1.83441e-18)
(1.13748 0.487901 0)
(1.15014 0.580816 4.11888e-18)
(1.16383 0.671604 -2.23806e-18)
(1.17859 0.759967 -4.48701e-18)
(1.19451 0.845446 2.47375e-18)
(1.21157 0.927788 -3.83837e-18)
(1.22978 1.00665 0)
(1.24917 1.08157 -4.73526e-18)
(1.26962 1.15249 -5.21313e-18)
(1.13214 -0.530619 -1.4609e-18)
(1.13819 -0.423329 -3.14793e-18)
(1.14446 -0.316268 -3.18377e-18)
(1.15108 -0.20958 4.74619e-18)
(1.15816 -0.103412 -1.73251e-18)
(1.1658 0.0020961 6.65904e-18)
(1.17408 0.106813 0)
(1.18304 0.21063 0)
(1.19279 0.313332 5.20591e-18)
(1.20336 0.414795 0)
(1.21489 0.514694 -1.96319e-18)
(1.22751 0.612677 2.02785e-18)
(1.24123 0.708533 0)
(1.25611 0.801964 0)
(1.27223 0.89251 0)
(1.28958 0.979917 -2.45595e-18)
(1.30816 1.06385 0)
(1.328 1.14383 4.2135e-18)
(1.34898 1.2198 0)
(1.21562 -0.543116 -2.84899e-18)
(1.22104 -0.431372 4.37503e-18)
(1.22669 -0.319858 -1.41233e-18)
(1.23271 -0.208717 -1.62605e-18)
(1.23922 -0.0980958 3.10628e-18)
(1.24634 0.0118659 0)
(1.25413 0.121036 -4.73243e-18)
(1.26266 0.229306 1.73864e-18)
(1.27202 0.336461 1.77706e-18)
(1.28227 0.442376 0)
(1.29354 0.546728 0)
(1.30598 0.649163 0)
(1.31959 0.749471 -2.00881e-18)
(1.33444 0.847353 0)
(1.35061 0.942349 -2.20975e-18)
(1.3681 1.03421 2.14153e-18)
(1.3869 1.12258 -4.814e-18)
(1.40704 1.20701 2.70621e-18)
(1.4284 1.28742 0)
(1.3003 -0.541747 0)
(1.30502 -0.426299 0)
(1.30998 -0.311081 0)
(1.31534 -0.196235 0)
(1.32123 -0.0819093 1.60993e-18)
(1.32775 0.0317568 0)
(1.335 0.144631 1.47241e-18)
(1.34302 0.256605 0)
(1.35194 0.367464 0)
(1.3618 0.477083 -3.16163e-18)
(1.37275 0.585139 0)
(1.38493 0.691277 0)
(1.39837 0.795288 0)
(1.41312 0.896871 -7.75366e-18)
(1.42929 0.995569 -1.94882e-18)
(1.44685 1.09113 0)
(1.46581 1.1832 -2.40771e-18)
(1.48619 1.27132 -2.59081e-18)
(1.50786 1.35543 -2.80333e-18)
(1.38402 -0.526764 0)
(1.38812 -0.408377 -4.27198e-18)
(1.39247 -0.290221 4.31432e-18)
(1.39725 -0.172436 2.78592e-18)
(1.40259 -0.0551723 0)
(1.4086 0.0614322 0)
(1.41537 0.177245 -9.1477e-18)
(1.42298 0.292156 4.85253e-18)
(1.43153 0.405953 0)
(1.44108 0.51851 -1.91913e-19)
(1.45178 0.629503 0)
(1.46379 0.738579 3.50918e-18)
(1.47714 0.845526 0)
(1.49187 0.950046 -3.77894e-18)
(1.50811 1.05168 -3.9694e-18)
(1.52582 1.15017 0)
(1.54501 1.24518 0)
(1.56571 1.33623 2.47554e-18)
(1.58779 1.42326 -6.54613e-18)
(1.46547 -0.501666 4.23842e-18)
(1.46978 -0.382773 0)
(1.47436 -0.264111 0)
(1.47938 -0.14582 0)
(1.485 -0.0280502 -8.38827e-18)
(1.49133 0.0890606 0)
(1.49847 0.205379 0)
(1.50648 0.320796 -1.50702e-18)
(1.5155 0.435098 1.31064e-18)
(1.52557 0.548159 0)
(1.53686 0.659657 -5.43166e-18)
(1.54953 0.769236 0)
(1.56361 0.876685 -2.83153e-18)
(1.57916 0.981706 -1.5215e-18)
(1.59629 1.08384 1.34648e-18)
(1.61499 1.18283 0)
(1.63525 1.27833 4.36295e-18)
(1.6571 1.36988 0)
(1.68039 1.4574 0)
(1.5447 -0.469664 3.02265e-18)
(1.55004 -0.3525 -1.63784e-18)
(1.55566 -0.235566 -6.09453e-18)
(1.56175 -0.119004 5.85053e-18)
(1.56847 -0.00296237 1.59408e-18)
(1.57593 0.11242 0)
(1.58426 0.227009 7.29137e-18)
(1.59349 0.340698 0)
(1.60379 0.453271 -1.55988e-18)
(1.6152 0.564603 1.55337e-18)
(1.62789 0.674372 0)
(1.64205 0.782222 8.56114e-18)
(1.65769 0.887942 0)
(1.67487 0.991234 0)
(1.69372 1.09164 5.75435e-18)
(1.71423 1.1889 -3.00084e-18)
(1.73637 1.28267 0)
(1.7602 1.37249 6.41974e-18)
(1.78555 1.45829 4.66841e-18)
(1.62129 -0.431864 1.55263e-18)
(1.62778 -0.316742 0)
(1.63459 -0.20185 3.20727e-18)
(1.64188 -0.0873299 2.98083e-18)
(1.64982 0.0266691 1.6662e-18)
(1.65856 0.140009 3.11382e-18)
(1.6682 0.252556 0)
(1.6788 0.364202 5.93413e-18)
(1.69051 0.474734 0)
(1.70339 0.584024 1.60964e-18)
(1.71763 0.69175 5.85447e-18)
(1.73339 0.797557 6.235e-18)
(1.75072 0.901235 -3.0254e-18)
(1.76968 1.00248 0)
(1.79038 1.10084 0)
(1.81283 1.19606 0)
(1.837 1.28779 0)
(1.86293 1.37557 3.19547e-18)
(1.89047 1.45932 4.9794e-18)
(1.69561 -0.389879 0)
(1.70339 -0.277026 -3.42906e-18)
(1.71149 -0.164402 6.74708e-18)
(1.72011 -0.0521509 0)
(1.72941 0.0595796 1.74121e-18)
(1.73954 0.170651 0)
(1.75061 0.28093 0)
(1.7627 0.390307 0)
(1.77595 0.49857 0)
(1.79043 0.605591 0)
(1.80632 0.711048 0)
(1.82383 0.814587 0)
(1.84297 0.915996 0)
(1.86381 1.01498 -6.27646e-18)
(1.8865 1.11107 0)
(1.911 1.20402 4.6805e-18)
(1.93732 1.29348 0)
(1.96549 1.37898 0)
(1.99534 1.46047 1.76979e-18)
(1.76803 -0.344771 -3.59307e-18)
(1.77719 -0.234355 0)
(1.7867 -0.124169 0)
(1.79674 -0.0143546 0)
(1.8075 0.0949384 0)
(1.81912 0.203572 0)
(1.83174 0.311414 6.54452e-18)
(1.84541 0.418354 4.90427e-18)
(1.86031 0.524178 0)
(1.87648 0.628762 0)
(1.89414 0.731782 3.26172e-18)
(1.91349 0.832882 3.25032e-18)
(1.93455 0.931853 4.96646e-18)
(1.95739 1.0284 -4.7789e-18)
(1.98215 1.12205 -8.08901e-18)
(2.00882 1.21256 8.13221e-18)
(2.03739 1.29958 -1.76589e-18)
(2.06789 1.38265 0)
(2.10016 1.4617 -3.45088e-18)
(1.83896 -0.297436 5.73076e-18)
(1.8496 -0.189578 0)
(1.86058 -0.0819497 3.72595e-18)
(1.87213 0.0253064 5.59759e-18)
(1.88443 0.132041 0)
(1.89763 0.238117 0)
(1.91187 0.3434 2.0459e-18)
(1.92721 0.447782 -6.94441e-18)
(1.94383 0.551049 3.43726e-18)
(1.96179 0.653074 0)
(1.98129 0.753535 0)
(2.00256 0.852078 0)
(2.02561 0.94849 4.95148e-18)
(2.05052 1.04247 0)
(2.07745 1.13357 0)
(2.10637 1.22152 0)
(2.13726 1.30599 0)
(2.17018 1.38649 3.50849e-18)
(2.20494 1.46298 -1.87961e-18)
(1.90932 -0.249257 1.91381e-18)
(1.92145 -0.144003 5.80674e-18)
(1.93396 -0.0389794 0)
(1.94704 0.0656726 1.9918e-18)
(1.96091 0.169803 -1.7672e-18)
(1.97572 0.273275 0)
(1.99161 0.375954 0)
(2.00865 0.477732 0)
(2.02703 0.578394 -3.54764e-18)
(2.04679 0.677815 0)
(2.06817 0.775672 0)
(2.09139 0.87161 0)
(2.11647 0.965419 1.83304e-18)
(2.14349 1.0568 0)
(2.17261 1.14529 1.92752e-19)
(2.20381 1.23064 0)
(2.23706 1.3125 0)
(2.27243 1.3904 0)
(2.30971 1.46428 -1.94189e-18)
(1.97952 -0.20085 0)
(1.99316 -0.0982125 0)
(2.00718 0.00419508 0)
(2.02181 0.106231 0)
(2.03726 0.207745 -3.87257e-18)
(2.05369 0.308601 3.81995e-18)
(2.07124 0.408663 7.52662e-18)
(2.08999 0.507824 3.71699e-18)
(2.11013 0.60587 0)
(2.13171 0.702675 -3.63608e-18)
(2.15498 0.797916 -3.61983e-18)
(2.18016 0.891237 1.89801e-18)
(2.20727 0.982429 5.68324e-18)
(2.23641 1.07119 -3.59738e-18)
(2.26774 1.15707 0)
(2.30122 1.2398 3.44895e-18)
(2.33684 1.31904 0)
(2.37467 1.39433 -3.76009e-18)
(2.41448 1.46559 0)
(2.04949 -0.152131 0)
(2.06465 -0.0521267 -2.22962e-18)
(2.08021 0.0476476 2.18018e-18)
(2.0964 0.14705 0)
(2.11344 0.245931 -2.10648e-18)
(2.1315 0.344153 0)
(2.15072 0.441583 -3.90267e-18)
(2.17119 0.53811 0)
(2.1931 0.633523 5.61959e-18)
(2.21652 0.727694 0)
(2.24168 0.820301 0)
(2.26883 0.91099 -3.7321e-18)
(2.298 0.999548 1.76594e-18)
(2.32927 1.08568 -1.7668e-18)
(2.3628 1.16892 0)
(2.39858 1.24901 0)
(2.43659 1.32563 3.83366e-18)
(2.47688 1.39828 0)
(2.51925 1.46691 -1.89026e-18)
(2.11968 -0.103725 0)
(2.13635 -0.00633711 6.68388e-18)
(2.15343 0.0908205 0)
(2.17117 0.187606 0)
(2.18979 0.283871 -4.13851e-18)
(2.20947 0.379476 0)
(2.23035 0.474289 0)
(2.25253 0.5682 0)
(2.27621 0.660996 0)
(2.30144 0.75255 -2.03804e-18)
(2.32849 0.842541 0)
(2.35761 0.930612 1.82944e-18)
(2.38881 1.01655 0)
(2.42219 1.10007 0)
(2.45793 1.18069 2.03863e-18)
(2.496 1.25817 -2.05015e-18)
(2.53638 1.33216 0)
(2.57912 1.4022 0)
(2.62402 1.46822 6.29126e-18)
(2.19069 -0.05647 9.08121e-18)
(2.20882 0.0383631 2.14424e-18)
(2.22738 0.132966 0)
(2.24662 0.227197 -6.55641e-18)
(2.26678 0.320907 -4.23179e-18)
(2.28803 0.413957 -2.18495e-18)
(2.31054 0.506215 -4.11645e-18)
(2.33438 0.597572 6.00636e-18)
(2.35977 0.687813 0)
(2.38678 0.776813 -1.89668e-18)
(2.41568 0.864249 -3.97469e-18)
(2.44671 0.949766 0)
(2.4799 1.03315 2.07704e-18)
(2.51536 1.11411 -3.97059e-18)
(2.55325 1.19218 -4.01112e-18)
(2.59356 1.2671 0)
(2.63627 1.33855 0)
(2.68143 1.40603 -2.19816e-18)
(2.72882 1.46949 -2.24376e-18)
(2.26274 -0.0107749 2.33718e-18)
(2.28228 0.0815878 -4.76084e-18)
(2.30227 0.17372 4.46675e-18)
(2.32296 0.265481 0)
(2.34459 0.35672 -4.32241e-18)
(2.36736 0.4473 0)
(2.39143 0.537088 -4.21151e-18)
(2.41688 0.625974 4.1661e-18)
(2.44394 0.713745 4.12879e-18)
(2.47267 0.800274 0)
(2.50335 0.88524 0)
(2.53623 0.968286 -4.07342e-18)
(2.57137 1.0492 4.07732e-18)
(2.60884 1.12769 0)
(2.64884 1.20329 -4.14058e-18)
(2.69133 1.27574 -4.17712e-18)
(2.73631 1.34471 0)
(2.78383 1.40973 2.27807e-18)
(2.83365 1.47072 4.46776e-18)
(2.33606 0.0329354 -4.61565e-18)
(2.35694 0.122935 0)
(2.37828 0.212704 0)
(2.40035 0.302101 0)
(2.4234 0.390977 -4.38198e-18)
(2.44761 0.479193 -4.33449e-18)
(2.47317 0.566618 2.23688e-18)
(2.50016 0.65314 2.21659e-18)
(2.52882 0.738548 4.4009e-18)
(2.5592 0.822714 1.99008e-18)
(2.59159 0.905317 0)
(2.62628 0.986 0)
(2.66328 1.06455 0)
(2.7027 1.14068 0)
(2.74473 1.21391 4.45512e-18)
(2.78934 1.28401 4.30879e-18)
(2.83652 1.35061 -6.71114e-18)
(2.88633 1.41326 -2.35866e-18)
(2.93852 1.47189 2.4193e-18)
(2.41138 0.0731954 -6.8489e-18)
(2.43349 0.161017 9.09142e-18)
(2.45608 0.248608 0)
(2.47942 0.335828 -2.30168e-18)
(2.50377 0.422526 0)
(2.52933 0.508566 -6.57261e-18)
(2.55627 0.593812 0)
(2.5847 0.678158 -4.24465e-18)
(2.61484 0.761388 0)
(2.64676 0.843377 4.19855e-18)
(2.68077 0.923803 -4.2084e-18)
(2.71713 1.00231 0)
(2.7559 1.07869 0)
(2.79716 1.15263 0)
(2.84111 1.22369 -6.62257e-18)
(2.88774 1.29161 2.30293e-18)
(2.93701 1.35604 0)
(2.989 1.41651 -2.4325e-18)
(3.04346 1.47296 -2.50599e-18)
(2.48897 0.10907 0)
(2.51219 0.194951 0)
(2.5359 0.280603 -2.11707e-18)
(2.56039 0.365882 2.28802e-18)
(2.58592 0.45064 0)
(2.6127 0.534739 2.25067e-18)
(2.6409 0.618046 -2.23369e-18)
(2.67064 0.700451 0)
(2.70214 0.781741 0)
(2.73549 0.86179 -2.20875e-18)
(2.77098 0.940275 0)
(2.80891 1.01684 4.26328e-18)
(2.84931 1.09128 0)
(2.89229 1.16329 -6.4214e-18)
(2.93805 1.23241 0)
(2.98656 1.29838 0)
(3.03781 1.36087 0)
(3.09186 1.4194 0)
(3.14845 1.47392 -2.58908e-18)
(2.56857 0.140377 0)
(2.59279 0.224565 6.73293e-18)
(2.61752 0.308523 0)
(2.64305 0.392109 -6.59328e-18)
(2.66965 0.475173 0)
(2.69754 0.557579 0)
(2.7269 0.639192 4.44323e-18)
(2.75783 0.719904 6.4533e-18)
(2.79059 0.799501 2.2133e-18)
(2.82525 0.877857 0)
(2.86213 0.954648 2.03181e-18)
(2.90151 1.02952 2.23937e-18)
(2.94344 1.10227 0)
(2.98803 1.17258 0)
(3.03548 1.24001 -4.495e-18)
(3.08577 1.30429 -2.19823e-18)
(3.13889 1.36509 0)
(3.19488 1.42193 -4.93648e-18)
(3.2535 1.47475 2.66551e-18)
(2.65047 0.165144 -2.14742e-18)
(2.67556 0.247991 -2.22232e-18)
(2.70119 0.330609 2.20136e-18)
(2.72763 0.412854 0)
(2.75518 0.494578 4.16443e-18)
(2.78406 0.575643 0)
(2.81445 0.655916 2.16844e-18)
(2.84646 0.735287 0)
(2.88035 0.813544 -2.17157e-18)
(2.9162 0.890559 -2.17473e-18)
(2.95433 0.96601 4.1967e-18)
(2.99504 1.03954 2.02334e-18)
(3.03838 1.11095 0)
(3.08446 1.17992 -4.37486e-18)
(3.13348 1.24601 6.8401e-18)
(3.18543 1.30895 2.40189e-18)
(3.24029 1.36841 -1.92419e-19)
(3.29811 1.42391 0)
(3.35864 1.47539 -1.45883e-18)
(2.73453 0.181347 4.02123e-18)
(2.76039 0.263317 0)
(2.78679 0.345058 4.05927e-18)
(2.81403 0.426425 2.1197e-18)
(2.84241 0.507272 0)
(2.87216 0.58746 0)
(2.90347 0.666855 0)
(2.93644 0.745349 4.03644e-18)
(2.97135 0.822728 0)
(3.00827 0.898865 0)
(3.04754 0.973439 0)
(3.08946 1.04609 -2.18025e-18)
(3.13409 1.11662 1.92404e-19)
(3.18153 1.18472 -4.51964e-18)
(3.23202 1.24993 -2.13515e-18)
(3.28551 1.31199 4.59664e-18)
(3.34198 1.37057 2.30734e-18)
(3.40152 1.4252 5.24625e-18)
(3.46384 1.4758 0)
(2.8199 0.187949 0)
(2.84645 0.269561 0)
(2.87355 0.350944 -2.05126e-18)
(2.90153 0.431953 -3.90329e-18)
(2.93067 0.512442 3.89581e-18)
(2.96122 0.59227 0)
(2.99337 0.671307 1.85506e-18)
(3.02723 0.749442 0)
(3.06309 0.826462 3.93541e-18)
(3.10101 0.902241 1.88271e-18)
(3.14135 0.976456 2.10111e-18)
(3.18442 1.04875 0)
(3.23026 1.11892 2.16916e-18)
(3.27901 1.18666 -2.21814e-18)
(3.33087 1.25151 0)
(3.38583 1.31322 0)
(3.44387 1.37144 -2.47932e-18)
(3.50505 1.4257 -3.82692e-18)
(3.56908 1.47595 -5.3521e-18)
(2.90542 0.183934 1.90439e-18)
(2.93265 0.265763 0)
(2.96045 0.347361 0)
(2.98915 0.428586 3.77525e-18)
(3.01904 0.50929 -5.55962e-18)
(3.05038 0.589334 0)
(3.08337 0.668586 0)
(3.11812 0.746937 -5.78596e-18)
(3.15491 0.824172 0)
(3.19383 0.900166 0)
(3.23523 0.974596 3.89231e-18)
(3.27943 1.04711 0)
(3.32649 1.11749 1.92056e-18)
(3.37653 1.18544 -6.10675e-18)
(3.42977 1.25051 0)
(3.48619 1.31243 0)
(3.54577 1.37087 -2.43657e-18)
(3.60858 1.42535 0)
(3.67433 1.47581 -2.75077e-18)
(2.98967 0.169001 -5.36614e-18)
(3.01766 0.251635 0)
(3.04622 0.33404 -3.67948e-18)
(3.07571 0.416071 -1.74036e-18)
(3.10643 0.497582 0)
(3.13863 0.578432 0)
(3.17252 0.65849 0)
(3.20822 0.737646 5.42828e-18)
(3.24602 0.815686 0)
(3.286 0.892487 0)
(3.32853 0.967721 -3.77445e-18)
(3.37394 1.04104 -5.84512e-18)
(3.42227 1.11223 0)
(3.47367 1.18098 4.20388e-18)
(3.52836 1.24685 8.31951e-18)
(3.58631 1.30958 4.31988e-18)
(3.6475 1.36883 -6.93634e-18)
(3.71202 1.42411 4.85552e-18)
(3.77955 1.47538 0)
(3.07135 0.143692 -3.54049e-18)
(3.10022 0.227695 0)
(3.1297 0.311467 0)
(3.16011 0.394865 0)
(3.19179 0.477743 0)
(3.22499 0.55996 -8.85911e-18)
(3.25993 0.641385 3.5807e-18)
(3.29672 0.721908 -1.88922e-18)
(3.33566 0.801315 -3.7926e-18)
(3.37684 0.879482 -5.33502e-18)
(3.42063 0.956083 5.39816e-18)
(3.46739 1.03077 0)
(3.51714 1.10332 0)
(3.57004 1.17345 1.84629e-18)
(3.62631 1.24068 -4.02499e-18)
(3.68593 1.30478 0)
(3.74888 1.36539 0)
(3.81523 1.42204 0)
(3.88468 1.47467 5.2512e-18)
(3.14953 0.109255 6.98949e-18)
(3.17948 0.195119 3.57137e-18)
(3.21005 0.280753 5.23383e-18)
(3.24158 0.366012 -8.74255e-18)
(3.27441 0.450751 1.66442e-18)
(3.3088 0.534828 -3.50952e-18)
(3.34496 0.618114 -1.84693e-18)
(3.38303 0.700498 0)
(3.42331 0.781766 -5.16883e-18)
(3.46588 0.861793 3.52351e-18)
(3.51113 0.940254 3.55764e-18)
(3.55941 1.0168 3.60335e-18)
(3.61078 1.09121 0)
(3.66536 1.1632 3.75646e-18)
(3.7234 1.23229 3.88729e-18)
(3.78488 1.29825 -1.9138e-19)
(3.84977 1.36072 2.03311e-18)
(3.91815 1.41923 -4.53654e-18)
(3.98971 1.47372 -7.41274e-18)
(3.22384 0.067297 -1.6814e-18)
(3.25508 0.155429 -1.91183e-19)
(3.28695 0.243332 -3.50633e-18)
(3.31981 0.330859 0)
(3.35399 0.417865 -6.92184e-18)
(3.38978 0.50421 0)
(3.42738 0.589764 3.62105e-18)
(3.46694 0.674415 5.0386e-18)
(3.50876 0.75795 0)
(3.55293 0.840245 -3.43118e-18)
(3.59984 0.920973 -5.28137e-18)
(3.64987 0.999783 5.33833e-18)
(3.70305 1.07646 0)
(3.75952 1.15072 0)
(3.81954 1.22208 0)
(3.88309 1.2903 2.03939e-18)
(3.95013 1.35504 0)
(4.02074 1.41581 0)
(4.09462 1.47258 4.86977e-18)
)
;

boundaryField
{
    up
    {
        type            calculated;
        value           nonuniform List<vector> 
84
(
(-4.13197 1.5 0)
(-4.02592 1.5 0)
(-3.91986 1.5 0)
(-3.8138 1.5 0)
(-3.70775 1.5 0)
(-3.60169 1.5 0)
(-3.49563 1.5 0)
(-3.38958 1.5 0)
(-3.28352 1.5 0)
(-3.17746 1.5 0)
(-3.07141 1.5 0)
(-2.96535 1.5 0)
(-2.85929 1.5 0)
(-2.75324 1.5 0)
(-2.64718 1.5 0)
(-2.54113 1.5 0)
(-2.43507 1.5 0)
(-2.32901 1.5 0)
(-2.22296 1.5 0)
(-2.1169 1.5 0)
(-2.01084 1.5 0)
(-1.90479 1.5 0)
(-1.79873 1.5 0)
(-1.69267 1.5 0)
(-1.59935 1.46582 0)
(-1.51918 1.39668 0)
(-1.43944 1.32675 0)
(-1.3597 1.25683 0)
(-1.27997 1.1869 0)
(-1.20023 1.11698 0)
(-1.12049 1.04705 0)
(-1.04075 0.977123 0)
(-0.96101 0.907196 0)
(-0.881271 0.83727 0)
(-0.792017 0.783136 0)
(-0.689608 0.762085 0)
(-0.583584 0.758463 0)
(-0.477573 0.755388 0)
(-0.371543 0.75301 0)
(-0.265501 0.751302 0)
(-0.159451 0.750199 0)
(-0.0533968 0.749538 0)
(0.0526587 0.749536 0)
(0.158713 0.750192 0)
(0.264763 0.751293 0)
(0.370805 0.752998 0)
(0.476835 0.755371 0)
(0.582846 0.75844 0)
(0.688841 0.762057 0)
(0.791328 0.782867 0)
(0.880737 0.836801 0)
(0.960522 0.906768 0)
(1.04026 0.976695 0)
(1.12 1.04662 0)
(1.19974 1.11655 0)
(1.27948 1.18647 0)
(1.35922 1.2564 0)
(1.43895 1.32633 0)
(1.51869 1.39625 0)
(1.59893 1.46561 0)
(1.6925 1.5 0)
(1.79873 1.5 0)
(1.90479 1.5 0)
(2.01084 1.5 0)
(2.1169 1.5 0)
(2.22296 1.5 0)
(2.32901 1.5 0)
(2.43507 1.5 0)
(2.54113 1.5 0)
(2.64718 1.5 0)
(2.75324 1.5 0)
(2.85929 1.5 0)
(2.96535 1.5 0)
(3.07141 1.5 0)
(3.17746 1.5 0)
(3.28352 1.5 0)
(3.38958 1.5 0)
(3.49563 1.5 0)
(3.60169 1.5 0)
(3.70775 1.5 0)
(3.8138 1.5 0)
(3.91986 1.5 0)
(4.02592 1.5 0)
(4.13197 1.5 0)
)
;
    }
    low
    {
        type            calculated;
        value           nonuniform List<vector> 
84
(
(-3.20818 0.0232491 0)
(-3.13453 0.0663169 0)
(-3.05691 0.101656 0)
(-2.97572 0.127618 0)
(-2.89188 0.142929 0)
(-2.80676 0.147032 0)
(-2.72178 0.140239 0)
(-2.63814 0.123592 0)
(-2.55672 0.0981558 0)
(-2.47764 0.0660029 0)
(-2.40062 0.0291588 0)
(-2.32594 -0.0121901 0)
(-2.25329 -0.0570839 0)
(-2.18193 -0.104017 0)
(-2.11166 -0.152553 0)
(-2.04221 -0.202271 0)
(-1.97299 -0.252309 0)
(-1.90354 -0.302027 0)
(-1.83393 -0.35151 0)
(-1.76371 -0.400125 0)
(-1.69197 -0.446451 0)
(-1.61827 -0.489568 0)
(-1.54225 -0.528387 0)
(-1.4635 -0.561253 0)
(-1.38189 -0.585975 0)
(-1.29781 -0.599449 0)
(-1.21273 -0.598922 0)
(-1.12888 -0.584155 0)
(-1.04784 -0.55768 0)
(-0.970113 -0.522523 0)
(-0.89498 -0.481946 0)
(-0.821344 -0.438688 0)
(-0.748686 -0.393794 0)
(-0.676266 -0.348513 0)
(-0.603236 -0.304232 0)
(-0.529126 -0.261789 0)
(-0.453276 -0.2226 0)
(-0.374973 -0.188649 0)
(-0.294288 -0.160824 0)
(-0.211686 -0.139363 0)
(-0.127632 -0.124602 0)
(-0.0426531 -0.116762 0)
(0.0426492 -0.116762 0)
(0.127627 -0.124601 0)
(0.211681 -0.139362 0)
(0.294282 -0.160823 0)
(0.374969 -0.188648 0)
(0.453273 -0.222599 0)
(0.529123 -0.261788 0)
(0.603232 -0.30423 0)
(0.676263 -0.348511 0)
(0.748683 -0.393792 0)
(0.82134 -0.438686 0)
(0.894977 -0.481944 0)
(0.970111 -0.522521 0)
(1.04784 -0.55768 0)
(1.12888 -0.584154 0)
(1.21272 -0.598922 0)
(1.29781 -0.599449 0)
(1.38189 -0.585976 0)
(1.46349 -0.561255 0)
(1.54224 -0.528389 0)
(1.61827 -0.48957 0)
(1.69197 -0.446453 0)
(1.76371 -0.400127 0)
(1.83393 -0.351512 0)
(1.90354 -0.302029 0)
(1.97299 -0.252312 0)
(2.04221 -0.202273 0)
(2.11166 -0.152555 0)
(2.18193 -0.104019 0)
(2.25329 -0.0570859 0)
(2.32593 -0.0121921 0)
(2.40062 0.0291567 0)
(2.47764 0.066001 0)
(2.55672 0.0981546 0)
(2.63814 0.123591 0)
(2.72178 0.140239 0)
(2.80675 0.147032 0)
(2.89188 0.142929 0)
(2.97572 0.127619 0)
(3.05691 0.101656 0)
(3.13453 0.0663171 0)
(3.20818 0.0232492 0)
)
;
    }
    left
    {
        type            calculated;
        value           nonuniform List<vector> 
19
(
(-3.25981 0.0447319 0)
(-3.29174 0.134082 0)
(-3.32431 0.223202 0)
(-3.35788 0.311948 0)
(-3.39279 0.400174 0)
(-3.42933 0.487738 0)
(-3.4677 0.574512 0)
(-3.50805 0.660383 0)
(-3.55069 0.745139 0)
(-3.59571 0.828654 0)
(-3.6435 0.910605 0)
(-3.69443 0.990638 0)
(-3.74857 1.06854 0)
(-3.80603 1.14402 0)
(-3.86709 1.21661 0)
(-3.93171 1.28605 0)
(-3.99986 1.35202 0)
(-4.07163 1.41402 0)
(-4.14669 1.47201 0)
)
;
    }
    right
    {
        type            calculated;
        value           nonuniform List<vector> 
19
(
(3.25981 0.0447319 0)
(3.29174 0.134082 0)
(3.32431 0.223202 0)
(3.35788 0.311948 0)
(3.39279 0.400174 0)
(3.42933 0.487738 0)
(3.4677 0.574512 0)
(3.50805 0.660383 0)
(3.55069 0.745139 0)
(3.59571 0.828654 0)
(3.6435 0.910605 0)
(3.69443 0.990638 0)
(3.74857 1.06854 0)
(3.80603 1.14402 0)
(3.86709 1.21661 0)
(3.93171 1.28605 0)
(3.99986 1.35202 0)
(4.07163 1.41402 0)
(4.14669 1.47201 0)
)
;
    }
    frontAndBackPlanes
    {
        type            empty;
    }
}


// ************************************************************************* //
