0.007244423
65.01516273
53.67854506
50.40384344
62.38276526
89.98273358
89.94897629
27.50861251
89.90636837
15.2624566
58.93331125
89.9933551
59.75817598
47.11678539
35.23804287
71.87082031
49.82473469
42.32577
89.86599528
39.99855243
55.92156236
22.6326025
35.89981468
38.02934486
68.28320598
35.09701538
54.85061353
53.60518788
37.64433131
0.823960687
49.02319879
22.96459392
0.008755643
0.008491876
32.53156316
0
15.36723494
0.00506891
0
0
0
0
33.72421656
35.11256843
41.87594605
32.4586105
34.87389322
34.86753044
0
0
16.49370432
0
62.51497187
0
0
0.009508249
54.82628843
40.69775618
0
42.1730085
39.12316748
43.92522424
40.02788415
36.9000711
65.82308462
52.41137685
45.87958576
42.08548545
34.97663312
31.36088116
53.74670216
42.44424831
45.32089539
29.96091368
41.55532446
45.8822155
36.95631987
36.46324976
49.17755444
43.27470788
46.49091756
32.01903105
36.6616505
67.87790601
34.55394903
51.13462519
27.93633117
61.21678311
33.14638821
0
81.02740599
74.44688549
78.22171953
64.26130928
61.24555989
53.15846756
46.94255504
45.30065337
36.71648222
46.57263955
30.77627
0
43.23674527
34.72878436
29.87464878
47.3060847
45.20996436
35.74470709
0.030869982
69.70625897
53.70704402
66.4198474
54.27483086
43.65999651
44.50015485
49.14345145
66.12987824
53.6923052
33.80544129
33.2386179
35.41245499
47.27999361
66.33542468
41.44294811
38.73658343
53.99164975
54.72511583
43.86392791
33.88964561
42.04254084
55.1321893
33.36000154
48.5046266
46.77647525
45.08507276
37.22847018
36.00976305
0
67.10340989
38.20030008
41.82568571
67.73699002
43.79857093
40.26667583
35.67708917
67.44429404
53.99793801
34.61238236
47.42309931
56.06367485
58.50358677
37.92709303
57.59558134
51.758282
44.09904612
42.05077269
58.7989168
44.6682045
52.9445643
52.0360258
44.0465298
84.93058678
80.38913722
73.4224324
66.52503279
70.47062312
67.90850597
58.84684288
52.86005021
44.35858613
53.80103358
71.03719546
69.28706118
69.27376344
62.74930615
58.51029167
61.44744673
40.70789341
32.06742101
83.44277553
72.62117546
57.23216895
68.75194384
57.38623142
78.75500134
56.63855677
71.29857151
58.01850679
82.13387891
42.90660473
46.69749724
48.84846128
58.61441725
46.6404079
61.01089508
58.34146064
83.93583436
78.59747069
78.85100654
60.29075462
54.61446368
46.92996526
26.82564606
52.3482422
0
0.008825024
45.43438486
29.07173407
0
0
0.005054886
0.022989
44.63564893
0.004448871
53.67235424
15.51155834
36.70366839
31.0014262
51.41959696
42.1225969
64.59363135
34.02355143
38.31161347
71.58079935
58.36196792
57.57674614
46.19356495
49.50711408
45.58057577
57.63305984
0.010516524
0.016726091
0.005078098
66.90641481
52.95350797
48.09330666
64.05710305
44.43345006
0.008544267
34.93588706
19.96948475
42.3090752
44.13545809
56.8698892
47.44467944
89.51880131
0.022887628
51.13662974
29.79098638
0.031469243
62.63321239
31.91516073
0.004246987
66.14126262
0
41.28445706
44.07755039
50.48946556
43.19513018
27.0670677
0.008552867
24.64690423
49.08167983
30.0767043
0.015821227
43.13259228
55.1410402
60.26332482
58.62302506
39.67899332
43.209876
43.19990511
0
0
0.045854787
0
0
0
0
0
0
0
0
0.008182737
49.66078278
0.187927169
0
0
31.77285929
0
0.029495096
52.59892683
0
20.86673541
23.12573454
35.33351052
0
19.94209766
0
38.3910164
31.20192433
33.24751649
64.05696785
57.59365823
44.38800464
49.61894338
0
0.027000809
0
0.015769855
0.004526423
0.00449657
0
0
0.004547084
51.80088625
75.26853476
73.4928056
80.99380679
88.83494638
59.44441301
62.08030883
62.82113481
66.5424064
59.26587392
61.30117346
57.72843192
89.78976024
81.09361859
58.06202675
60.51053742
63.69910399
52.02886789
39.97444525
41.5172948
44.72313602
59.51994778
48.06423805
19.1386398
37.79757951
89.36200394
48.88191435
49.3920839
62.13134936
38.276309
48.06875648
41.68760949
0.016549332
89.99711755
87.28142354
86.63857408
60.22561673
52.17530176
74.93623024
48.82588424
44.84914132
77.31047255
66.81647136
61.2457057
63.48722403
61.38178477
89.96783025
89.99833485
35.96509446
37.82711747
38.23927159
38.50278838
37.63901416
37.54720742
15.3646989
48.17615351
49.26597671
47.78451074
38.20946485
38.82266559
45.8022111
39.09860561
0
38.99559274
39.57368868
42.15604629
89.9932759
37.70055637
38.19817107
0
25.12254849
0
0.007805075
52.69885446
58.06595921
0
0
0
21.47011833
0.018203625
0
0.019331254
50.33825111
47.36304775
46.33416779
39.96040087
31.60178983
44.9064047
34.37917391
37.80491556
37.86836139
0.003419015
21.88158469
0
5.309440349
18.88951483
19.59902418
0.009803763
0
0.045029071
44.6321368
44.54232838
44.54413875
46.44877297
89.67257748
43.08610523
18.22558855
16.50257433
6.204385912
5.520487113
0
0
0
0
0
0
63.93940577
40.03641874
43.4702169
40.65837165
43.69353852
0
32.59066399
45.85915243
48.72126899
89.47152809
32.57281079
46.47189923
46.44727469
0
0
41.24723912
34.67238726
37.01840222
14.48225658
0
0
0
0.018504598
35.225676
0
0.008625714
0.014915178
49.61231893
0
0
0.004691101
0.015550698
49.17120241
39.13319313
42.93808184
32.12905256
0.004607215
38.11690842
0
42.72016468
46.56202961
5.72469816
0
39.8880874
0
31.3879825
32.14311916
62.21232101
54.68253706
36.02989668
0.009335863
56.06963832
35.32320419
35.26805907
35.47915122
48.30954572
44.65688961
73.03042462
63.76888151
52.90770063
32.01949217
3.318206054
42.98444324
75.5990075
61.54069123
75.05483946
79.34211016
69.26834107
78.19835489
83.85321861
61.18410955
23.97404357
29.01109054
89.99775915
46.88863746
32.77449435
36.21058545
35.7373464
34.67133241
36.87692553
36.74816988
53.87629314
44.54586494
67.64073565
62.3512836
44.04082047
33.63542672
38.67269086
36.41524193
45.06064991
57.36735206
52.53585984
64.17606884
52.517679
31.06213502
32.62926619
0.020951764
43.31090964
21.70686302
0.004734433
0.009350598
0.021260461
0
25.99804825
51.24723465
39.74839068
37.99492052
0
38.51130921
46.56347041
0
0
0.004778258
21.1491371
0
32.84559359
57.36943793
57.59689113
57.62548772
75.98543846
87.72577151
57.14377351
50.59430582
81.2628114
71.85714741
67.70733492
50.09755489
45.14960603
18.37065932
19.66103009
15.80375432
0
0.004888145
0.009476115
0
0
43.26010089
42.14197065
49.66422964
52.29059035
0
36.1532851
0.650029611
16.75157362
0.004639848
27.58990248
51.124926
0
0
0
2.730342429
0
0
0.009289508
0
0
0
0.009152875
0.004719495
22.20383864
26.85510239
33.2723959
57.61536699
55.52926934
0
31.6603378
28.29629078
53.7885625
54.5007088
53.0089689
54.15937593
46.83895169
55.60026012
49.14843819
49.06753833
49.12581002
44.81924467
58.13337579
86.65358679
66.58103689
36.27062756
36.10715459
64.60007214
53.75349829
55.61613222
49.59694475
50.45601824
56.63318073
55.96367681
51.58353078
78.96500269
85.36834684
70.73556241
51.76515401
52.21540473
63.93308044
78.94457841
77.75933448
25.88121101
37.66231932
37.793508
40.06814971
39.36406177
39.69506046
40.24886849
64.2248372
23.86245176
62.72603344
62.26603918
54.07279275
50.40797321
66.5511334
65.42620292
28.09190069
22.46311654
85.62503293
54.91716969
55.08966717
49.12999161
32.1663434
77.06135101
81.54227734
68.80697214
3.210143412
17.67271574
33.92031236
36.26067312
36.21052276
35.67283233
47.46388945
52.60510352
31.75701111
43.38445262
41.41650643
35.45325713
37.09771912
46.16923778
37.04148859
44.04924829
65.24502898
35.55142203
54.69101793
34.77514555
37.75923326
54.44398579
20.20678771
35.5626175
46.48250544
37.96387213
40.99991096
54.0723885
50.55314554
50.31586401
49.22124254
63.35939671
79.53880631
41.85488305
51.4479562
25.08065309
36.23343791
41.93656918
26.47524571
44.88767857
57.41395599
89.84990772
46.07339703
89.97975859
51.74307282
0.018226366
0.008409422
0
0
33.94493515
44.73813372
45.13789739
45.71389868
37.25565711
37.96002264
36.09667066
50.52162404
42.2404851
50.50262183
65.72503549
25.73181851
66.64225992
51.08118694
41.52656172
18.32401879
0.022783153
33.56183353
40.93065713
0.021229831
12.38156502
0
22.81779186
57.19641854
63.51227653
72.61836859
43.85789137
50.33311297
45.71506443
44.41963547
24.6663641
55.83681169
55.88145031
57.1719452
58.48327396
67.9049154
18.20769204
16.56155157
33.22790818
38.17896295
36.35667739
43.82534962
1.667979395
0.476784668
1.482682845
61.1637804
21.64302533
17.38538084
36.96603091
37.40428776
44.52429295
68.79337764
0.312568091
35.7234584
52.04438414
42.43722088
55.05979104
59.26173668
60.54903585
67.66896418
55.91221453
42.65138422
55.19729646
62.09709648
61.93232271
74.09442384
20.07950119
83.15122528
57.72477901
89.9965316
48.47052815
27.87415874
15.2371261
89.99757586
89.99258931
22.95431896
89.99946415
14.31005846
79.57530238
89.99918898
90
89.99634655
89.99795116
44.35808855
43.95966568
16.84004092
47.6088826
0
0.004363193
0
0
37.59660342
38.08277006
37.49740015
38.14914418
0
0
0.004560675
0
0
32.19528955
0
49.528947
52.98186391
52.79036931
58.52727927
37.56841867
47.5657526
38.9527538
43.36332685
0
33.7756349
35.51947253
35.78916645
35.71198607
47.05814205
0
20.79423857
21.27185265
35.46196924
0
0
0
0.003515818
57.36447934
36.55378398
41.42981299
64.32049105
87.16780154
67.40279247
68.75450194
67.27040195
75.02298587
44.36078387
62.10000886
57.34214142
57.53144594
0.015377208
49.34143568
75.32448378
57.11635689
71.42301787
49.86815051
60.65437287
89.75000281
85.50397561
81.08504174
62.54193811
84.50712418
41.43020557
37.7863668
54.53865987
0
0
0
0
0
0
0
0.007601463
0
0
0
0
0
0
23.18368763
36.80516908
30.65640084
24.14199787
57.73227083
54.37252451
18.35802113
70.32878974
52.29517522
86.73728655
48.29144022
43.17213466
52.40332291
38.62588452
63.43694886
84.86697158
29.13830228
89.73921091
89.93335726
59.39502871
65.52799941
27.79806709
89.91271877
89.40294257
55.72968121
62.23384481
63.70463369
69.14599787
70.1256119
67.8573165
57.8820902
47.32840269
51.40306204
88.93675669
58.19372779
62.89730098
61.73123145
62.42244829
64.63717614
73.64640814
63.35040646
57.36421578
47.70524956
46.59432967
43.75386629
60.50572529
60.02228483
67.21509028
56.60392347
44.57419344
39.06322846
71.83975023
88.94494757
71.7099189
63.95175135
29.31830892
32.78506453
32.71690125
14.17239378
36.19798477
36.42163819
62.98144447
38.77902414
48.81781672
37.20614162
36.05663711
0.808215017
30.37366017
0.087154246
42.75166313
21.4392348
36.27446382
48.1584976
71.99645553
54.64382283
54.40737006
2.050885516
23.86479183
3.720066891
4.369006912
1.154742698
0.46530444
49.74057218
27.77860141
63.58565979
55.32357802
56.76236021
57.00202387
75.50565717
72.96449006
59.98416281
88.85756215
63.82807338
67.56979456
28.4327751
36.13805256
41.78184538
35.01282155
9.753985766
5.080869932
9.715301458
12.83504371
24.9125384
86.67384076
83.63306473
7.653993937
3.085682684
24.36064182
28.99852545
82.17902462
48.47070236
60.61354441
54.54552492
52.15764302
67.28741548
40.72267819
81.28123891
9.354670481
28.70543702
53.974295
46.21282963
39.60607561
0.004755614
45.85456523
47.55566394
45.91970821
44.8728043
47.93578071
47.51134974
47.63846728
72.1583738
0
47.46076962
47.09006559
18.3900782
33.18345361
0
47.15987786
45.05737064
55.31144687
35.52564265
35.67787283
36.03322245
34.33856289
0
69.57477059
35.4945789
35.71316544
36.26193243
36.18263067
36.23555929
35.52805655
35.49398163
36.08630531
48.77134564
44.82297109
63.24144259
0.004763086
37.17478131
0.005088803
56.32072396
71.41835845
30.94506396
0
35.21347955
36.26502617
39.54684877
38.14920832
38.67761436
37.72030627
37.26428081
37.73150962
53.70391285
44.84474019
45.77274768
66.42411892
54.77189808
54.39086321
62.91411203
35.39086359
0
0.004760185
47.46988953
47.03128614
55.76261341
57.46741089
66.09897381
57.34676265
65.12570115
70.31989886
68.6531292
68.57926229
83.76268043
82.04868856
70.38608972
73.06574937
68.11492322
53.13626652
63.46444708
65.55894029
65.45915178
51.29308906
56.25555774
87.98889012
57.11118493
89.11634984
56.98546271
89.95435046
36.37425865
34.39326869
46.63817778
45.60203127
45.05921824
47.21652756
46.65548207
37.22560458
61.32359428
48.71740747
52.8499695
57.73460827
55.00658274
45.05974899
35.71182722
32.85535479
59.15510164
60.62849169
89.99322011
0.008450445
54.63742105
45.43217784
55.28799792
55.96518962
56.87812151
65.28166843
58.93991666
52.14322062
84.86185159
83.27160117
40.51519762
44.0814553
43.21073964
48.10793576
0
0.013297033
62.36638026
70.57909623
61.52798228
89.65753211
42.86868867
30.45880738
46.50413663
0.00953964
36.14468505
36.99722577
36.19414222
55.87491385
36.94517505
36.09614499
36.01825904
36.3225344
76.88754086
42.07876439
61.99432635
51.8694029
0.00464219
38.47757481
44.15781476
46.04142231
36.75051864
37.59603771
38.08328437
38.03152845
37.68203464
37.62510025
36.45516685
48.22414805
44.52654984
45.7449386
62.76934051
52.49532081
50.86143934
0.004610924
44.82657428
54.18950866
0.004370991
20.44830801
34.60124663
33.77961983
0.005095617
0.007791594
44.67415944
48.5802504
44.84991006
0.102358256
39.98678831
41.50715834
40.34748228
40.79453231
42.30607536
40.26824531
39.64006118
42.17263976
40.23405173
38.77521099
45.50863177
32.84495724
87.36481666
76.05060904
54.31909102
43.8982681
53.33204596
33.19979028
45.9353115
0.098321961
0.026182707
50.53891454
89.69248937
76.34021016
89.40463307
87.04557314
44.85331071
89.99676737
89.3856903
0.004987378
37.23828829
47.30375605
52.19237691
0.008202767
53.85424391
0
35.48704523
0
54.28010757
35.10511262
37.44773101
37.48028823
36.80432673
36.96232011
35.94992697
47.39880039
51.01442923
52.33632676
50.38777346
0.000375833
0.003425122
16.28276389
44.30614554
13.62317216
0.019626816
0.01180416
39.74988349
48.81428548
21.91557598
45.98538893
44.72597562
35.12697326
0.021110557
0
0
0
45.69936936
46.35250546
46.76145239
36.68202555
36.8731003
47.19941261
38.87429597
46.61076322
44.59225339
65.96274926
45.22710788
49.48863593
71.97612229
40.99282158
72.75630239
0
9.34E-05
34.70543878
35.26037305
0
46.47228922
37.96816894
49.89793212
18.24695615
0
53.02398751
31.06999048
0.011841927
61.53660586
58.43502142
0.027678509
41.47096719
42.07836332
0.040256098
45.16957127
46.86388434
52.86846042
46.71441199
43.96877307
57.36460743
57.44312499
66.745303
44.12140375
52.78332877
0.016643507
0
0
21.60044498
67.28787332
62.83589065
45.07942597
37.92272371
48.73959729
48.93114111
48.96469424
48.55090479
49.65941794
49.10066298
61.87993938
55.18007878
56.26878337
62.07332901
57.44674661
59.86336591
42.62230324
49.88462502
61.57511735
37.17704916
0
0
38.02951737
71.96317994
66.71141415
42.07396974
56.94430008
39.05803007
0
0.004616171
0.018139639
53.71576994
33.98036851
45.8802806
35.51971913
43.25660578
44.22398486
74.53064573
0
52.10875203
34.14592458
35.55863928
0.004631402
43.28987996
55.09492932
33.57247673
50.22076954
48.30533565
63.9130795
46.64660958
73.29137258
54.14088638
69.70898933
0.013720133
69.34389213
75.77107069
80.64551149
0
0
0.004639428
0
0
0.004333158
35.77473978
0.007064521
31.97186192
48.11633306
0.008961492
38.1086927
39.73520836
0
0
0
0
41.89945277
89.9986548
50.2076977
49.17862542
50.00690264
54.2308392
0.064504512
46.94235311
57.87807092
60.70129532
47.17243538
50.37238898
50.39116105
48.96331999
51.17973899
51.18509341
56.24379538
0.005054868
37.72234953
0.035293585
0.010695362
41.02861176
80.83777234
36.74865731
37.5282402
38.31676666
38.2828516
37.30739765
37.30907684
68.15177447
60.75766034
22.55480309
42.54166628
0
0.009321738
0
38.13272869
38.47145428
63.80377082
61.67220644
76.75645947
71.93604098
76.41123816
55.47345067
39.17322941
89.66273721
38.34857558
0.004644348
0.018512513
0
0
0
0
0.004747385
0
30.7226979
48.361023
0
36.32034305
38.860042
0
0.007808574
49.47811079
39.13380356
89.94868336
62.99837326
64.11842789
64.57862198
65.53101145
65.04383597
48.09999308
49.72909108
22.6169107
86.40438332
69.01522611
65.3331496
45.19825674
0
33.90954584
34.58996344
0
33.28608858
33.80722731
44.12139197
41.75101271
64.04373733
47.04864899
43.04305081
55.43395501
29.96144173
0.008745483
25.84253321
31.42196982
0.004540345
46.56082716
38.72452845
29.16692316
0
0
0.004683418
0
0.019326185
35.89673056
89.937201
55.96776635
66.01513103
72.98125252
50.92693182
67.1622254
72.34944341
89.96344033
13.79078015
23.3747828
22.19470413
56.17363202
19.2968804
89.97973088
45.44631807
45.4239169
45.99346559
44.64137875
46.53478685
54.218119
51.95330729
43.98305566
46.26751553
61.27830426
81.26699135
65.91477264
36.57925374
63.7079493
89.62594642
28.31767519
0.020405098
0.011415395
89.87017301
89.79258925
28.25494016
45.5661029
46.63021912
51.68615817
58.7505973
51.01149802
42.31922338
0
54.36015851
0
32.15444334
54.31279263
51.46849416
51.36037818
44.04640002
0.004672907
64.73168222
50.66018096
44.32075905
0
38.6523568
45.59056237
65.92479718
52.40888177
45.93024623
0.031841852
26.92376404
0.017322314
0.005112573
0.015523445
66.10557249
45.77837132
49.83587472
65.28041952
64.04991597
68.3752202
68.21688664
63.54863048
84.10177936
0
20.83957084
0.021556898
0
41.27544715
46.88581582
55.43078993
54.90794169
38.76986867
34.25175129
51.90974326
0.004360326
37.38329191
49.74521192
46.04232343
45.95865684
26.59280945
0
41.31965369
0.01551338
56.14096885
49.13148492
45.75384644
38.2083672
63.7611965
50.14314686
35.98519904
48.48630149
44.10147165
45.35943543
44.35237483
53.52287398
30.55830954
0.00457774
58.51058561
59.81981467
58.89688882
62.96507691
69.12986709
88.34257257
70.68131984
83.89302553
89.08828
64.506427
43.86012365
42.09377828
56.94304587
56.16674756
0.071938383
0.012061877
51.72839882
89.98569297
17.76068873
0.017387291
0.00955823
0
0
0.009523662
0
0.009560133
0
0
0.009429237
0.009226157
49.30739075
49.85938681
0.004600741
0
0.011630926
44.8362979
45.60913837
54.44609479
34.83582507
43.26702544
52.16976499
52.98233126
53.25978031
52.94108585
54.42283297
53.67593495
53.31453886
58.21568955
57.09821689
63.35567207
58.99493412
39.92334239
26.44342095
35.0338666
71.75082464
68.75354786
0.009527415
0.012892945
0.008045065
0.012445011
34.78282384
32.0103402
0
40.52181391
50.2354808
0.004776599
0.004782713
0
0
0.024289353
59.37607219
32.81059223
48.06816643
55.74624964
38.36885536
38.1759262
36.05085447
38.57111897
38.74651423
38.99748124
40.2383408
54.0075683
27.61156409
17.17989949
43.91541959
28.05346407
32.01741614
67.60649476
51.16230834
52.0481958
50.19691324
50.55838116
53.7760862
54.37578908
68.80387927
54.75613579
67.96364202
68.60561349
52.29197569
56.03833797
57.56414156
89.75394916
33.40928804
45.33111599
45.56341092
54.83877843
30.53431028
0
0.00465786
0
36.26583752
37.70089865
37.89345186
38.98374999
0
0
0
0
0
0.021808836
0.004504703
57.78878221
50.28281422
54.34968665
53.10702848
47.19010952
41.06864346
88.63330527
83.79341702
0.009973246
0
18.1547024
0.004597883
0.01288324
0.02605678
38.31898225
33.09158463
0.0046286
0.009469951
45.46659411
21.68928825
20.75766949
37.83175549
16.16488438
0.040003867
0.005055857
0
0
0
0
0.399418609
0
0
0
0
0
0
0
0
0
0
0
0
47.59574518
17.94043112
0
0
0.015356044
35.70500832
21.16291821
0
0
0
0
0
0
0.011931837
36.93653334
0.008755057
0
0
0.008479022
0.003444093
0
0.004659054
34.83763284
74.46709365
47.06833619
57.90680426
0
0
29.38435881
0
0
0.0047057
0
9.190740774
47.2544342
0
45.49523528
1.525388666
24.99931688
20.34039169
21.12155756
0
35.8954639
33.13064644
41.70718441
0
0.028556844
0.004618258
35.5594278
35.98603045
40.6706985
43.92933703
44.44422224
38.05881954
41.51631832
43.23782221
43.08728004
42.07908916
42.2728174
42.38383244
47.46428263
40.87667482
71.32917053
41.01159919
41.88804977
47.01637782
89.95222458
56.34182953
61.85053212
45.99799958
54.63525068
56.77413029
56.98384883
56.88163568
55.74639773
70.67610249
73.75896344
53.28191243
66.79437394
58.65237714
59.77644513
0.003461444
82.0932996
62.78183842
31.77166143
55.03206703
51.91094759
53.23742886
89.29317645
55.47435402
67.09544616
87.08196345
75.57863094
68.945445
61.45186337
54.27201741
59.60120786
0
72.05529384
50.63189441
44.13588215
44.73735786
35.84077499
52.1085022
35.01150903
37.43424257
37.91114132
36.73450331
55.8023642
54.98163524
63.01927097
38.2472791
36.77655991
45.5026323
0
0.007805294
0.004694967
0.004326985
0.004609908
0.004413713
26.66881499
39.11475479
45.59668818
0.004345875
0
0
2.655304578
10.88209025
40.21629691
31.72324415
32.03607704
41.73257711
0
0.194965698
35.84413246
35.28361512
37.34596106
37.46379001
64.71668347
35.57397236
53.40236822
16.02608616
5.377021573
0
42.34119181
34.58078608
25.38395845
36.78729464
44.67779094
0.009470809
0.012889688
0
0.004673384
0
39.73547601
0.039334246
49.03292531
0
35.51670299
0
21.59859801
0
38.62953188
31.84741556
0
0
0
0
15.19612356
0
0
0.009291257
0
0.00820042
52.33169153
53.52896844
43.05891401
39.25639744
0
45.21703894
0
24.78781643
35.06749931
41.51637675
0
0
37.77461776
0.00917032
37.41110833
37.13583145
55.91841319
43.45199598
44.36853128
62.23141016
37.49281735
0
44.5875449
18.17188904
0
42.9471271
71.93896924
43.70659886
51.00293438
52.01259861
52.1054389
52.49654869
52.45814951
70.45087452
0.027930134
65.01863509
53.00398948
77.40575077
89.40395004
38.21995002
0
38.44123722
0.007803135
45.83896578
0
37.05827224
44.88292318
34.53730427
48.03997283
46.84052973
0.00510141
0
0
38.66161648
39.15526222
37.95630609
0
89.97010154
0.013702214
0.004695967
0
0.003508735
0
70.56310145
30.96925208
0.004317213
37.83656217
7.716104661
0
56.4481644
31.04022735
0
36.3936816
0
41.9869015
49.19327386
19.97433215
0
0
0
0.004098148
0
0
0.008933109
0
10.92437432
58.22486242
61.05640889
39.12312889
49.05693607
62.91448647
64.1266697
52.09212621
49.87970513
31.98150503
69.26406513
53.90372534
32.5685167
44.04949744
44.13359212
46.63548276
45.47109663
32.51392417
0
0.00466633
34.2803934
31.5431101
0
38.28597259
38.69207529
37.63846066
0.018891549
36.8010179
35.24435062
37.56554147
38.97797618
66.45714437
59.72826738
33.05439621
68.09065305
44.43368479
20.01139161
23.50708438
0.021629191
0.004176169
85.26988062
43.64890172
0.012280822
0
0.01269775
0.004735334
0.004787318
56.02112824
47.08608846
0.012849278
0
0
0
0.009699911
0
0.013092142
0.009376752
0.013979084
0.003515368
0
0
0.003541563
0.011964498
4.497683051
89.99736039
60.02743837
20.61382716
22.58023572
22.06996706
51.68064323
0
54.9187825
38.77139551
39.15374478
39.31054991
24.15190884
0.004567225
0
0.008433371
0
0
0
64.38904302
55.53264315
50.13024308
46.48430344
0
0
19.98895046
52.20924556
24.24237032
7.590793132
0
0.0083278
0
0
0
0
0
0
0
0
86.00998264
89.09175628
39.6217586
38.58965819
39.38158521
40.37815235
0.049985748
89.73580497
45.43196659
46.11124721
0.005063255
0.178658284
0
0.012654999
0
0.086945701
0
0.004614476
0.019965825
0
38.31107498
90
35.40969045
35.68778309
31.1248132
43.26149916
0.050911457
21.28689139
35.06117722
35.46585854
34.21406893
35.0424959
32.44599836
35.21931554
36.05063219
0.166713197
35.04613002
36.9270667
36.0951019
36.26733486
53.1984346
60.32915047
81.2889299
54.5807393
47.21449815
43.44651102
56.31200005
51.52418381
50.69483596
41.67386867
40.00777063
54.25398552
52.77592655
0.150582641
9.949007234
0.098532092
0
32.97421477
89.99536862
63.92195693
51.78306534
89.0210299
36.09783376
89.18521524
76.41719306
84.30675314
86.28095058
50.63203014
0.055058317
35.62888439
35.98160248
34.51609124
36.21600169
0.188141147
37.2069855
37.84485601
35.33126473
37.35303702
37.91916033
38.39617293
37.17625154
49.75519366
80.95162621
57.8405433
39.63010622
46.25839564
77.00435635
63.18904268
35.74555852
41.4956159
62.43719751
62.78839485
24.71251348
36.07946905
35.04045834
86.37577766
75.58451594
48.05366633
41.73299414
52.20062472
56.91427269
56.1417206
57.51754576
48.89906727
52.59501197
55.69409101
56.48832592
52.91770246
49.45603867
72.238616
52.35530826
62.91592488
79.13617896
70.56516919
76.12856946
74.47248739
78.18261742
64.41282929
68.66485602
32.38835308
64.13826004
66.6092074
73.0595814
89.6387834
50.16196566
54.02498231
60.00443466
55.56030124
53.81552953
70.95621835
89.9991751
89.98948795
89.71598472
89.99676273
71.53703283
62.5490054
89.63316895
89.99109449
89.99344546
89.99428307
89.997535
89.99875201
55.13199807
73.32283982
89.99254227
54.20275297
89.69516312
54.15214509
58.80400515
52.43345741
89.99914533
56.87375651
54.56642072
67.32807983
54.30868661
89.99568799
89.93013092
89.99581042
54.85327832
58.99134691
67.73580501
55.51065441
61.58288776
54.68852864
57.97411957
89.99630979
54.06570865
34.68128246
34.8257485
31.54627895
34.41380915
35.97634679
35.9325521
34.18298001
35.92773956
37.65544764
65.71911549
48.66569874
33.9132651
40.33171741
30.63358727
47.02516241
51.37372488
38.0619579
34.2603471
43.73333008
42.91827735
52.28632783
28.22915442
3.137237565
35.59195982
37.51401633
41.32542113
71.0643722
88.97509163
60.97307122
50.8249148
54.87539569
60.03266528
48.96278945
49.81309341
51.42308608
49.24149551
58.54389013
57.42525298
65.56954023
56.98699664
76.24877937
64.33629289
64.45299334
59.93709639
40.66849057
38.4470273
82.39169035
77.67541242
68.56156799
70.77168102
77.84800348
79.36955754
82.46192931
80.88957512
70.28232127
84.20822914
79.4370635
76.34145496
83.80981725
89.87960101
84.43631077
83.18450434
72.57550265
67.5047716
61.58247319
56.47191701
55.00603144
46.22228197
2.234119154
44.63928892
43.99779107
35.59402062
35.66925679
36.0194012
17.71169784
19.1699458
37.13095866
37.99575757
38.67471976
38.30751536
48.16293348
74.75247678
46.08308445
63.29295827
48.63868021
32.98577077
45.18799452
49.69615752
35.71103469
54.84677709
40.91628683
20.88458645
44.9949105
28.23196379
29.22999358
47.34438944
6.567780414
0.715736918
33.54314609
5.295562042
0.656871642
49.86533007
49.32533443
88.64809159
89.70181077
77.06194618
89.59951742
77.9997923
87.21935389
66.2856731
80.79292876
85.81964363
77.01670729
76.49805376
85.96129486
84.30528463
89.04953824
82.92961305
83.29921306
80.43288
88.86382541
88.99827358
89.88413349
89.00906717
88.82430591
85.50574133
62.46127657
84.94117174
56.3680164
56.92639881
55.4816063
85.01800245
86.77148966
52.8018196
60.94217379
61.17532868
57.43374388
56.09630875
57.50101538
54.13311074
52.99290561
57.68708442
57.05778143
56.22097786
86.87845589
57.02970398
81.32755072
72.60744191
53.89208981
43.39920843
62.08339944
50.64591046
1.615563137
73.21776491
46.13961502
63.81215029
65.33995145
81.34254067
89.91780891
89.99925948
71.07759827
89.56376225
87.9049741
84.13469431
14.31634056
87.94352677
88.94199467
85.48284872
89.99972768
89.09611581
89.47192001
21.10113625
89.87071351
89.99980774
89.35541915
89.25629126
90
89.99947084
20.79740279
89.99532867
33.3396129
28.62834576
22.62036489
14.74815918
21.63396037
89.40883348
22.87352596
89.62915127
23.54212938
82.30002997
89.99927261
89.90085408
34.72282551
89.99728398
71.6923299
20.04142462
89.64855654
89.40024141
89.99127987
89.25523529
89.51369421
8.923997766
88.67762081
88.75837389
90
84.7713984
88.30808485
89.6602879
27.8815699
87.61349611
90
89.99149328
22.89380436
23.18662227
21.61884857
89.69038993
19.92653322
85.50564569
77.51545955
89.98770038
60.69412575
40.92186332
53.6599333
54.44096243
67.52768873
25.7468759
42.36690045
25.2571941
57.52264631
55.76493285
52.14230067
64.9802074
51.74743125
57.02626278
87.70954658
56.90655336
37.6983925
0.21582616
77.46951333
89.64099063
78.59104593
57.8728031
79.40790289
86.88576368
86.05962088
85.80856619
68.12386079
82.52475073
76.23116159
89.73513432
85.49619564
80.21811502
89.16574242
82.61446846
67.52711408
88.56260501
81.43311037
69.98831904
47.43402729
80.87647102
61.4035347
88.6013249
83.81776202
59.63579973
59.12128759
63.31118768
54.23571794
53.59253202
68.83935464
57.50875979
54.98776415
43.64031267
56.39557753
59.58749475
66.7866308
62.01665674
58.13004471
45.49227155
62.77864494
86.52740128
72.2655869
79.68851939
89.91267154
89.73896877
89.32559916
86.5425679
89.86273806
74.02454117
88.21395339
86.44534755
69.11254149
40.59667384
68.45544732
79.83906389
77.37567891
67.09348043
60.74258667
54.60726218
54.51794795
61.93050525
49.35206164
56.42594992
52.58552223
62.27601504
54.07351833
44.14049115
55.21133604
53.92663375
54.142784
71.52846847
67.68663131
45.4602368
76.82289962
71.90898821
75.86511491
63.15430284
42.67119809
19.4373125
0.463603641
0.770193967
17.88655407
36.05456261
37.35557246
34.41291846
37.23558981
15.78177404
64.99452384
46.24905688
49.38652894
0.425527659
14.73157228
23.87562954
6.287198687
0.326799455
40.6901708
69.6626586
46.55684973
34.64547314
44.5230242
35.22850049
37.06076867
34.58212728
34.900997
18.97779426
45.55533467
48.51624211
32.68605098
53.96069314
17.65912819
39.69151938
84.59552391
72.94927466
62.5563151
60.45044276
48.85696294
55.70894834
47.41503498
56.04234358
59.71851202
56.08655089
57.30483505
44.80946294
59.28065836
58.55364457
63.96418526
54.2454979
39.40327293
39.16133505
46.55746978
85.79303051
45.85978851
34.03799692
36.81410876
1.366664638
44.20451445
37.58303565
36.86796988
71.41144575
44.78208315
46.76113735
52.09273029
22.19469362
58.16716664
46.42907045
58.55570091
38.04284166
35.81638229
38.36343897
36.17809174
18.78278856
36.3195332
49.19639792
44.86819986
34.76893504
34.06080189
20.26013864
20.01799469
37.36700296
34.97158473
44.36525713
75.5826493
48.78151591
71.69804037
37.758814
49.17748072
48.84006607
50.17718321
49.50305053
60.69297584
48.32099429
44.66198634
52.36832528
2.715739528
62.88856785
51.05630932
45.21077122
35.87981424
35.20175245
45.43967115
37.53401813
37.71302641
34.29508293
24.30900928
36.81988018
36.74948091
56.0504355
67.00912562
47.56304046
54.62799369
3.786019908
35.94043893
23.23749115
5.496873538
37.62563898
52.18267457
55.40052603
40.39930349
47.38375079
59.56828382
54.30831487
67.05654878
53.9172933
46.19569655
57.04493415
56.31807383
61.09387313
57.54029582
71.54862072
69.06902728
48.60593381
53.95982796
56.38714391
36.69628605
71.8823382
74.05263245
36.16185062
49.94192621
51.13339867
38.43611215
36.04996498
20.31638729
23.78356859
33.65116596
35.23246906
20.45442815
18.46332952
37.87525475
58.0343411
45.51035134
41.5054701
49.13244961
50.76188087
18.0708254
37.1052922
18.31282586
38.74201878
36.42875242
0.160708758
1.775061683
55.03746297
23.94699629
44.33196353
56.58841233
55.48146137
0.818948769
55.98405641
37.90706506
62.81594071
45.12966405
41.18764978
54.2550443
54.29171004
56.68707679
36.51291541
0.345477527
1.540977021
1.006740649
50.296633
60.74435856
50.91625472
49.118742
49.83000901
49.52804317
46.74470482
56.13666232
54.99260936
76.04420483
59.18112174
66.5277012
38.97328264
31.01161
79.29970005
55.02126468
44.30566332
31.6182572
46.59365942
0.555214653
26.2401143
36.84698717
36.3734779
36.63552292
13.15196119
36.626483
23.5671105
46.02479347
48.01642991
53.03709762
41.60544432
51.63852513
37.41362106
42.24702366
53.56202936
56.20987252
35.20566982
38.67026409
36.77990516
14.59316674
37.06949846
21.7587095
32.78936702
36.06745789
52.06705622
49.53976737
54.40881142
53.33239751
54.43332342
36.57539803
33.41665709
29.71109557
1.494560836
1.518635168
78.98507711
89.6444619
85.71307807
83.64195085
76.06685824
84.71097524
83.38803682
86.39752701
87.22305344
86.4907393
81.73773102
83.23687874
87.7870121
87.21605476
86.21567884
87.27279603
85.42198768
86.46339964
75.79348286
87.00665848
85.92766615
82.13070008
84.13931178
74.97407792
85.51337183
87.07314747
66.96720787
61.1740822
57.53482728
7.953189763
48.36368096
48.61501442
46.25209295
64.30088675
54.91072693
79.56308326
59.21452258
59.0428612
44.03557961
49.42543192
59.16529498
14.83677013
31.22242615
37.14741051
26.21008856
1.143125288
32.80538491
42.28970874
35.63509318
34.58218979
33.85197725
46.09378018
34.21762177
45.00901682
31.08907953
49.07456995
35.11998462
19.98649461
11.86882135
55.89729147
70.79305212
84.47412402
72.80657541
82.89116037
81.69962664
80.3801038
80.03439734
80.40426572
89.65698482
82.81039771
84.68060044
77.41644678
83.08384724
81.93754505
83.49514783
83.56038799
83.86045743
81.36711836
87.80147105
84.25971039
89.49637863
89.21525125
77.76320419
70.37692662
83.83471681
79.8888898
77.00177558
57.16410424
61.26678714
89.98623144
85.95701488
60.55453138
65.27318661
89.44117378
60.8923804
73.09567423
47.82257877
61.14329481
61.71372481
61.40230297
61.52036725
80.51348272
84.15245113
79.68409247
69.30409642
68.85737745
37.74071773
37.1207095
66.37210224
83.75356494
77.17630534
56.29565856
40.9296927
37.85430201
35.14997649
0.030747142
0.005461412
36.25074458
15.34238231
37.91643973
63.69668168
54.79826111
47.69067063
49.99283682
52.01530896
39.10856329
38.09926335
16.68370881
40.20369073
0.020725289
48.98737114
0.06391324
0.041832476
44.37472241
35.25407084
35.6809586
35.90497723
37.54985559
54.78731962
53.56623593
0.006018505
9.899180873
36.21739735
23.10812195
0.010182074
34.22551946
42.83774562
0.012074447
61.69256259
41.58927356
89.74011723
82.80289088
74.97764494
81.56007932
89.10890536
86.77003404
89.52091143
87.03216024
85.1759873
83.28332703
81.32981002
47.2538692
0.018588457
8.92168541
89.99788609
89.99813957
89.99726901
88.86238197
89.99435633
89.99941852
89.98829082
90
89.99490693
89.99187807
89.9931714
87.87263109
82.28819104
89.9963066
90
89.98447299
89.9996376
89.99487423
89.99866832
62.84871322
53.37138928
59.17943414
56.4430334
50.67032078
58.6553775
63.08578932
70.38110096
61.01194653
62.50094277
64.08402638
53.16177701
45.81361505
46.97241152
35.69517308
22.20216914
35.4106675
38.17163798
36.47069061
36.82752528
18.80044808
37.3317453
37.85816953
35.78912168
37.59315854
64.85487033
56.06541435
73.16141687
55.03289407
36.52079337
22.11083383
10.65182975
60.17204339
36.33182594
4.422121898
30.85168421
54.20560196
17.30666394
41.43722907
33.41543389
31.46165756
35.4210063
36.61472334
42.90153689
33.07883251
31.56651183
43.05582181
49.09814018
49.15771343
51.43089643
36.94073935
0.305953887
86.5056992
76.72991576
46.37939016
64.8509228
61.4213865
66.46455792
60.85318512
30.08308116
58.93836048
13.4851779
60.56161071
49.50929308
59.45953992
62.2433
63.0080882
59.05848384
58.9277906
62.11796429
62.73460256
76.59055155
76.54498621
89.9509389
66.97681775
83.04127691
73.28398569
62.78420497
75.38441033
72.83657997
57.11360624
62.23190504
82.39956878
62.02434383
76.5529835
89.7420787
65.97177477
89.94646267
12.42568945
88.94867523
44.19767628
33.21839776
2.533955587
37.75147433
38.26989925
38.3658099
35.70972912
35.79207145
37.9675121
37.9908014
37.16825452
37.7846482
39.11059415
58.35662158
57.51555889
62.9743398
82.96000308
54.7402724
52.07134474
45.82536578
46.2701738
63.82628084
55.27861067
41.97963642
53.32050026
55.96755603
23.80888984
38.11340122
0.085055456
0.013573698
44.39485218
73.3890385
58.90517969
61.98973127
39.55662911
36.8183076
0.217564222
49.52559454
23.32609451
36.66351858
36.4807977
37.15402801
36.58156479
37.33678365
36.59791832
37.94700572
34.51333007
53.6873308
37.65789492
49.26427052
64.0509379
61.3650675
55.11206348
59.74040962
0.110428882
23.05514431
37.08388215
36.94265654
36.67580414
0.801898994
43.37766286
89.91817902
60.31002561
50.94776239
67.447377
37.75405914
49.28826495
61.06845064
68.25224675
52.9173542
51.64742946
52.65560153
52.31504798
52.25672003
52.94138181
52.23170786
51.57390152
50.40326637
52.88789304
51.99616436
52.91806315
52.42659679
53.55988782
52.62437381
52.80172541
65.49923791
68.98286467
65.44976487
66.12334398
61.86671375
63.46011971
62.0318895
60.97470731
72.9223104
60.4529195
68.16080452
71.13809356
49.49332001
62.11933025
51.9492095
36.10550419
54.78513331
23.82735727
69.73760578
76.22211153
41.17992539
67.26098128
79.4544609
75.10257848
73.32706266
70.06339446
75.17430245
74.54344756
77.23935189
78.57880184
74.19958051
77.05545895
77.12362832
85.0881887
76.87195605
82.63696099
79.09612173
75.7901698
77.15886742
81.25581721
67.68949832
72.10378001
85.47575665
86.09577731
85.53385626
59.72071634
52.44321504
55.00929813
66.01650155
47.74966165
43.24752089
51.35008388
62.55516249
56.51617753
55.67605982
48.79054423
55.73748128
48.64903972
56.14632619
65.22936261
56.65654082
53.41531835
54.86209676
46.64876591
55.8931754
49.41340974
67.36125678
63.98862241
50.10720195
50.93117494
52.05509712
27.21650406
24.10181826
21.3564318
36.94672882
38.24903104
34.94885677
36.86436067
35.01205562
38.28647609
36.70100343
36.99659897
57.28046495
43.00130464
43.44190144
50.45064817
4.489304301
53.24996167
26.58333815
39.09899845
0.209401746
59.29055797
46.86744431
47.42339725
51.7324662
30.92235285
41.93670222
37.49296677
37.28164211
36.91190115
37.89713869
37.7687962
37.72052749
37.10955674
72.00528036
63.11570191
54.37390641
36.97644662
35.41123114
33.29033699
31.82837152
24.35226444
58.05818873
48.82143419
55.81071608
57.09404634
58.43127905
47.60752708
61.04018671
57.41254898
60.86688629
71.97572817
75.75130301
74.01161935
76.6332702
55.80534308
62.69175163
51.70916297
30.6513447
53.14581362
66.88939835
50.94528005
56.29163096
48.71408496
73.23973683
43.57476242
50.73870439
58.22869178
53.25779846
52.28441945
52.37173469
64.88642918
67.31875845
61.25072171
53.42685285
64.12085787
52.24191856
32.67241762
39.61200812
36.52675007
56.10412647
67.06379991
88.013401
54.5912245
12.42842875
45.29277102
36.51344319
19.860997
43.32534078
35.37491618
37.43390932
35.7158438
35.5162779
37.50885794
35.63557963
38.7514111
17.26825792
36.77973221
36.19342394
52.52758621
46.88456021
53.60680317
9.463868528
0.031921702
18.56805343
47.6184572
82.54343238
61.30395712
50.7106824
65.8051893
46.11499896
53.64073615
58.99941323
51.9056796
53.53936247
55.10313179
52.91792782
55.47664231
68.43477823
71.09220398
59.19348553
53.96989455
54.19091526
70.33884838
43.94573911
29.90001866
70.24366519
70.71567338
66.82009606
75.69246585
89.99030457
88.79342862
89.97626336
89.97737705
89.94991333
89.75612172
89.88220021
89.99604155
89.98258817
89.98942796
89.94163951
89.89525536
89.98731465
81.21357191
89.99006207
89.99000539
89.9942216
89.9948105
80.83803395
89.91352923
89.99942249
89.87977598
72.99392221
69.13813016
49.02995205
66.26699749
56.60141039
63.34951921
73.08937911
61.11585025
3.987104009
15.50253483
67.58980273
0.00449822
27.86249052
79.39167545
24.30393463
45.60655396
57.15036766
48.10128113
53.02396121
75.94427702
53.82074351
54.47796868
36.90449463
55.51371506
35.60656022
21.93384196
37.92245607
55.56210352
37.20481264
56.22197334
36.19081696
53.15729114
60.28920648
45.93912133
60.95906738
46.60887593
69.86184162
60.02399147
66.25258908
55.05504775
63.81573588
54.83558942
73.41940933
58.6707574
11.08868169
59.20644666
30.71636323
6.369950345
49.63800414
72.70433902
56.92007083
72.25916922
71.31384266
59.83456817
60.22902865
46.50468407
49.6331424
39.73791336
25.71877926
31.69108819
49.88912936
47.67372733
50.4301432
48.35777527
49.38945702
47.93055019
62.79853427
60.90498772
38.20974579
55.22038136
56.97466099
57.06215013
58.69315879
61.01561729
60.5346771
41.2123976
42.97788915
52.64489735
54.11025885
54.48849873
54.77336439
55.60844646
63.69755938
65.17063399
60.61078309
67.88251937
53.73038643
55.1919953
34.04289257
58.94136146
1.874737501
88.52193909
74.17332036
76.67525671
74.46594524
61.47440696
56.68939827
45.69417014
54.10929119
54.03060697
45.09036262
53.48840822
53.41440563
65.06858964
35.19280941
20.24327562
89.19629646
31.58405085
37.22564838
20.19253212
1.31162856
34.29800661
33.25089846
35.51419854
36.0800762
49.15849657
33.64671611
53.31515154
45.64251619
1.471305649
44.15237404
46.4146108
3.427029158
0.194818208
63.25443662
20.74999848
35.5541117
44.76866472
34.05518597
46.58832032
0.049915389
37.21093802
35.94620243
49.00886948
45.67250579
46.66347112
52.86101479
63.62908286
51.8436024
44.23842854
48.53287664
41.23023446
57.95837525
58.16994406
70.63465507
56.43504568
54.09107323
56.44323733
46.09981677
56.52833886
55.94510907
72.87069439
58.06065817
62.54975456
65.61735917
66.79776023
74.90034056
57.87167756
55.33755795
55.8182908
56.59742272
38.44437568
86.44546041
67.75066902
68.22681779
58.70403302
58.92204611
67.51811263
62.68596995
66.19386933
63.58629326
66.68687472
73.14512642
67.40755797
66.2788172
58.60827298
49.0015419
72.31092134
68.15477189
68.486237
52.51511326
56.08031852
54.76882307
49.17662434
57.90713723
62.66548989
59.67752087
59.50475883
68.10341634
82.58477842
87.16977183
81.46076444
77.05316859
61.40093294
75.02870628
55.50266584
78.71576431
55.11072189
35.45436828
34.97144866
35.50854233
35.75347414
21.09756748
36.70594791
37.02582475
54.8789779
30.97782977
52.73862485
36.61893052
20.28421201
3.072662114
33.88854375
37.01264033
33.44330082
33.24849241
28.15298852
33.19195042
34.16526067
36.81073728
45.35071501
33.08876192
49.28946487
52.95012899
32.75493844
42.67319224
3.244810303
38.28849598
74.13271091
89.44955013
62.17317558
52.93726093
58.3033849
62.92737768
53.45999956
56.65401573
59.22607811
65.32722415
48.65544876
40.9249701
71.7888766
62.65173137
75.03723826
59.08530388
64.88357998
54.91799068
56.3464784
53.46081312
51.15190492
51.43402874
52.75305701
39.97668006
48.3798103
50.18348929
50.9184084
43.0118708
50.83390027
56.30364435
47.38756006
48.83142306
37.92568277
29.07648362
71.44734734
60.92069375
33.20192447
27.45922738
41.61491021
35.45585517
36.11375519
36.03492925
44.7053034
47.62754755
52.10771447
31.3161802
35.53886
18.70630092
53.57992022
46.49113357
12.9201807
0.646948906
83.62998003
51.24911023
48.8430428
63.42708572
54.99166423
26.2359211
42.60975454
43.70173533
46.03860306
47.23307007
46.9008748
58.2963808
53.43522783
57.02112127
77.9099085
21.31996129
29.78756985
26.45725882
0.267713088
63.04070526
56.67962787
13.31886837
33.89942492
40.49403951
31.63178534
33.02170311
7.880729299
4.644599432
35.28902143
36.00586164
51.6080865
29.42089303
43.90474632
42.25830114
34.67588684
43.77841709
0.430146019
0.471441037
31.83351561
50.16744644
51.42491882
44.72036598
47.40276881
55.28034028
24.34579899
34.12652137
36.08909608
35.47254736
36.98396016
37.77156037
67.34654847
45.85516673
54.79156236
36.4705395
43.84235272
0.405808667
38.41211353
0.868335403
41.87389543
51.92764503
54.89842701
51.09325733
31.09441244
19.94621572
48.97632486
50.78129273
46.95815078
49.86784209
39.46140359
51.10893806
61.10187323
62.46679555
68.30697661
49.67882898
48.95774968
25.58804943
33.42466173
28.96691072
52.12719213
64.11464057
60.80851331
87.14895674
44.69690547
44.20823059
42.25383783
63.73871943
44.69842044
44.59953496
45.7746479
44.19529184
45.04455671
89.96063817
65.60198046
61.797192
63.16790691
63.72405244
50.64455471
82.8267941
0.005222232
43.99301815
46.71362539
89.42316708
42.34606909
36.6239388
37.26564735
54.21157677
53.88341111
0
35.42328843
45.02391808
0.009812195
33.24816857
37.44296956
43.46495537
0.008168378
38.96298527
38.88154763
54.73380995
46.86981972
50.71809467
0.004161032
0.004593962
35.24111407
36.11854611
0.009514474
34.01847663
36.41032826
36.44469674
36.91797655
35.57991431
35.85271304
55.32093087
36.44326584
60.67758811
64.12280415
52.94886464
44.07581608
33.36229809
7.902878046
54.13777059
44.65129816
32.7991095
0.005061378
0.003710709
0.025550448
0
37.24002025
36.03007143
37.92159919
37.93553975
43.94472879
42.99019961
43.04619619
32.71882187
17.64916924
0.007020645
44.84086598
45.60260578
58.41807959
56.54643364
51.23639868
48.58474098
49.77579979
42.51039138
66.56290209
54.44842443
48.14069584
46.8020907
54.47678767
55.21445667
54.38109562
56.01710881
55.32012976
77.07840231
57.82536982
70.84334062
69.90249941
72.47692051
57.7784225
46.64866904
59.87595017
0
0.004519948
39.0973932
38.62261451
41.03497947
38.86649032
62.29769895
40.42506432
46.79386677
65.46584647
54.35058118
64.36527133
35.83350632
29.63451746
55.643326
44.77103922
69.9880264
47.28639221
54.58314248
53.58465886
52.93363438
53.55715184
52.30400598
55.35504085
55.17004154
53.58197415
53.75830903
65.05746141
65.63262539
73.45764966
67.37034937
64.0573109
65.8510102
57.59579394
73.23575402
48.62584051
54.76854895
39.19401245
52.55969563
38.85670547
36.0683177
1.21047696
36.52307866
35.06304166
34.58372473
33.61068395
57.40234503
58.29029505
27.98349855
46.27992179
58.96619664
47.61301017
50.6550859
33.33612506
42.27795511
0.02239638
4.684836175
56.7705276
23.26392615
26.41540114
45.38789186
55.53536309
54.07506151
54.11445365
56.17540094
52.58428838
57.45509085
65.83427349
86.63129548
56.9471648
74.05061025
86.83712215
60.47146391
89.96102666
53.98721749
47.85646741
39.41522218
67.27900317
56.06309278
47.82336953
50.70548129
0.009613755
0.004848044
0.00950139
33.21493123
38.2122346
37.27607608
38.63886824
37.87236197
61.54055576
60.34153388
36.10030323
65.19993773
35.4844503
42.05018413
0.027727703
0
44.09378829
53.4424699
40.04191097
49.22188761
52.781801
51.16808511
43.70560201
18.67089618
2.694139923
6.233553331
0.024436423
28.72304359
58.3559417
0.177712594
38.91791874
31.61629151
40.63582258
44.03349788
37.62175698
32.234243
46.44986437
44.11157287
35.67625236
44.81728409
35.93020178
45.5977189
46.37737525
31.60147328
35.80337673
0.035145993
35.6943395
34.08536577
47.49970451
45.54943319
36.87069171
37.72758867
34.8961866
44.52947487
35.58800418
46.70167437
36.05963572
58.27758459
52.56437857
59.21186809
59.17326273
55.58182461
54.66868047
47.02287362
58.74339987
54.14010326
42.75798089
43.27659981
65.30358246
66.70706689
60.95972845
64.35203026
65.26750246
63.39089658
33.5417919
66.46652814
58.75032136
32.08150479
82.68841188
53.60846743
49.00587886
41.26745677
44.06816301
30.68967902
53.04497958
77.59807813
44.69207542
61.1304384
22.0465631
34.37944678
37.9350684
33.50789954
36.30803804
34.64048246
31.26691468
0.018737974
53.21345231
0.026974426
3.762683452
0.000343487
0.03256516
40.17304093
41.67587158
39.8342409
63.37469813
50.19765602
60.87032752
40.49214973
38.29938338
58.72846407
89.99392344
48.13783253
58.46320686
51.10860933
23.72669171
0.012511671
56.31456524
0.544117754
35.13121133
45.70838812
45.25420844
43.59468571
37.1806003
36.64770408
45.09857769
51.23006162
38.42939056
48.24370331
49.05608943
49.26715999
55.11021232
54.73473174
64.346689
64.84265443
68.54447266
67.69896993
81.88200932
36.84075417
33.33191822
83.14595974
51.79775271
64.58520488
65.84445557
73.74333597
64.33948747
73.42426156
39.03529285
26.57675149
35.17656349
0.008563194
56.29777869
50.14039396
62.08707291
34.56311274
57.24577996
55.05281665
56.53262856
54.85619577
53.41820598
51.67719546
54.84784311
80.2104874
89.99686799
89.96074125
89.93386107
70.39064062
39.4958862
0.037678337
89.60691456
60.95528533
77.88314667
78.312406
58.66771792
60.43112844
74.09684574
47.44344924
0.124728777
32.50770779
47.0043926
47.50106608
62.2160699
70.63903703
71.14312074
65.89414984
70.13644397
59.15016855
44.52931884
29.09659681
39.65380125
38.97617585
68.1760323
0.021585167
24.02890246
0.565492882
0.013854052
0.008607077
0.035364194
0.019246955
0.035322772
0.017316769
0.031706042
0.005103462
50.59534771
44.21011125
0.013878158
43.39340044
0.01826206
22.65887801
0.040701618
0.48303345
39.1002171
0.0389862
22.77795524
0.020265081
25.80672436
29.19002203
26.71582715
30.12710612
30.25529722
41.77782118
42.87964782
58.61571218
39.75640022
50.89725279
47.51089864
47.534981
43.08075625
0.063168746
0.004619109
0.036653358
26.59386312
54.73705586
44.49388896
34.76761757
11.23204882
33.66658977
33.32477794
0.999661517
36.21536004
35.62683893
35.23403471
31.16307925
52.29427028
10.89582119
0.279376206
3.243370463
71.86178401
56.46218232
58.10737285
45.90907591
45.83707712
37.67266278
36.90784549
46.04576753
21.04180536
37.99798589
38.27084055
25.06356685
49.31557446
13.25782062
45.14706821
37.77428289
0.208797836
39.89716633
45.9041999
49.02599318
37.04953749
46.46684831
46.03952691
49.43981106
57.09703386
53.95835164
58.76239931
59.13278412
54.56921742
64.25974011
76.92790561
66.63601857
82.13045161
71.71665785
3.683442538
2.06617223
73.66351303
68.24915365
73.70322163
41.30039196
45.72029154
18.90339637
17.65920302
36.5884732
34.70096871
35.6628411
31.99008503
35.14716451
19.89366097
36.37733802
36.02454729
34.67431341
51.45094103
55.60500609
47.52847194
41.87863333
34.71295571
50.67116682
52.6033329
49.15497613
35.50618364
35.83579966
35.16972379
51.45223152
17.14915031
11.32381416
33.66275878
50.97431692
52.75766254
54.65478304
42.78748828
42.83025423
64.79080186
40.67366273
66.86179253
53.09064268
34.21677977
34.3051364
5.652010273
0.321003442
54.50261617
32.21010404
89.42026562
12.3899451
16.08547136
20.7744031
21.0325248
34.88000534
35.13484776
35.55841242
36.35812976
36.04407564
21.52351988
36.37905892
37.53463121
35.83595878
39.41208162
75.76891779
42.38951423
46.62860458
40.82696525
61.18330941
31.45771909
1.609239344
4.577832524
45.22588228
55.42592751
44.10293146
61.01847233
50.60252296
47.20966237
54.06097387
46.9429436
50.26148879
49.31604242
46.80814717
46.08151353
40.86483058
45.48254708
49.84362767
47.64721293
66.14677956
50.71270231
55.11157707
62.42049097
57.66926954
79.15035856
47.62605938
49.74979944
66.54291599
76.62004942
80.69283231
54.39719179
46.03862392
43.45790035
59.79577383
32.53969912
32.42269185
51.74311845
37.77033048
0.030018508
0.071435965
35.67706413
36.51729373
56.11766457
36.51722462
38.07573447
37.1610727
36.91677546
33.63946434
37.73116864
55.53314204
55.08973677
48.59112849
41.8129635
50.54005638
50.67396194
37.69035894
38.21684724
36.65537506
45.68388289
33.15769135
4.267614801
4.96167713
89.12733834
23.30007136
20.69510835
38.93317956
38.64963255
38.28993017
39.27274463
40.94531218
53.81510639
44.40685225
62.58288131
59.49519625
51.77589561
71.45638258
72.30424381
43.59141515
61.00734122
23.04161952
54.86944568
41.18943119
40.68875371
59.88235074
70.75839735
77.24098588
62.76881929
54.75210743
52.4406552
50.90202863
55.5570749
54.06228826
44.8129321
52.92222831
57.10824079
52.59159617
54.46060041
70.58027442
71.05219504
73.45165129
63.83070672
44.97896177
54.14862613
42.36703216
37.84324293
34.69331616
60.45377651
50.44175107
47.8874647
38.64436835
47.86022827
47.26364732
47.7224806
50.20915995
56.89779945
74.0266535
57.79514485
41.90121176
67.29676529
67.22960942
71.57196556
52.69867703
73.65137364
60.28031371
40.71952294
54.05186304
47.03965825
43.54720331
41.83966227
24.45748069
28.17106581
63.2543476
82.25862413
40.135731
33.53609479
46.89916199
55.81535058
53.02811923
55.12736511
54.57857399
59.7410094
59.81323248
57.9951886
69.77298573
59.75404689
61.55576166
68.58352206
66.2926473
58.33147576
53.40631837
72.60757205
66.82726485
47.87558771
88.8521562
59.35283919
57.82192952
56.18744739
54.75928004
41.81478514
56.85354987
83.83662435
70.10072086
70.36537625
73.83535389
78.19478297
69.85640876
76.2418907
41.12230929
53.07948167
48.1423447
54.95362289
50.1836698
47.04418353
53.59938686
61.14528045
57.33677873
68.93505481
56.63924538
69.07774451
74.42307289
58.43060861
65.26671772
41.54647223
44.07912182
42.19134157
9.67081591
52.67031633
87.99627257
87.35807619
66.39357177
36.29065368
37.00704402
33.87707155
36.36802685
0
0.00862744
35.7404992
34.26495625
38.91284457
58.71532517
33.61947611
36.58693646
35.54993618
39.02132965
35.96254629
43.66087767
63.45847709
41.63112914
42.61454522
58.87055707
38.35134249
53.63838976
61.83848216
31.7722801
49.12821601
57.20929866
0
33.41297096
44.93247896
0.009256431
0.024788678
0
66.65209041
88.86914155
85.03360407
51.35039038
23.17068045
32.38014143
70.2395483
50.33678576
47.29745886
52.15844891
80.78951506
63.08321835
73.83891924
42.54775668
74.9690245
76.87642519
89.98344088
89.7230318
84.25460963
89.83244892
89.32598319
89.98687241
89.99869079
89.98490401
89.98553766
89.99453417
89.99835877
89.97706958
89.9956878
89.99898178
89.99279412
89.99914919
89.96165233
87.93869272
40.09421534
55.13830362
27.04966518
55.86458282
61.24952652
52.10698511
57.17041769
65.47040315
43.128993
30.13519636
46.33349957
55.33049924
0
35.80799157
38.18780866
36.83928472
36.60270328
0.012358866
36.66707624
50.97153654
30.94843432
46.19763351
0
0
0
0.045677598
36.96231979
42.93645922
51.87191684
0.024194178
34.23435691
35.34978789
34.2716485
35.21645346
36.93112966
55.32829822
44.87396354
47.37582541
62.46246068
52.54873645
49.87880593
0
0
35.28526605
48.659249
76.51072664
61.25150142
63.93098793
67.09787349
61.39295749
86.82299411
85.02529937
71.68848007
58.0796158
60.09871486
67.56953449
74.02427082
0.007652749
88.54504507
27.39713607
47.85075613
37.96499391
43.70745761
0.058966184
0.009554388
0.003213516
0.261822782
0.017609943
10.47789415
11.1438668
39.67870019
36.55576642
9.691550074
13.76451229
15.81630374
52.43565092
40.00811852
13.82674308
16.87934393
0.009240772
0.350665986
38.63349532
23.52332348
16.61807985
38.18834093
38.93640384
62.56417133
16.5757745
68.45920733
63.50945935
22.22791462
52.85856382
64.78144938
36.03632886
39.43128082
39.82497713
0
0.022061959
0.004835606
89.94982694
42.16194582
57.25644117
47.55401333
89.99115832
89.99219384
89.99514849
89.97684286
47.3605336
46.32482586
48.23900055
50.3536647
45.39510168
50.18662647
46.35266273
76.26605011
44.33149964
55.6135217
83.33739365
44.87236499
43.25140131
58.53755801
68.90368948
89.98797598
89.9962153
89.77867502
36.55645646
58.6853472
60.13818559
30.34549063
58.77252431
58.27072308
60.34880442
51.99489412
62.88878052
67.51830972
59.32719822
83.4406735
66.46075148
63.90463088
89.39636313
59.41064409
76.93498537
83.63817295
66.32838829
51.33304079
75.92534972
85.95881164
83.30153089
0.00435628
0.004642664
0.007316731
34.75868334
33.95038649
34.85513345
0
33.48263732
54.31626919
46.46372675
35.2198545
41.66937484
42.75760704
53.05603088
61.55491732
53.83493933
50.16150897
35.63351864
21.82082719
35.56115052
0.004819386
56.10562344
0
36.30044281
0.048875932
37.43972745
33.43019159
0.021792934
53.31930684
37.40011492
0
37.8299836
0.017371715
0.01917295
69.6007615
64.17268139
70.29772603
62.49292069
53.36771668
42.27816946
0
0
33.81696346
35.04296686
0
50.74595576
65.06505209
37.41654509
32.25435717
52.9343799
46.42485366
46.30113235
46.22341985
46.45441381
67.49138338
87.07110124
77.23811372
56.75245366
63.09461102
70.96419346
77.6977627
48.66623444
45.23840377
29.77694105
89.99749477
73.63939714
66.79218328
42.01402558
0.034720565
53.46430469
36.70171467
35.85962149
35.76748941
35.73067969
37.26368216
37.18359794
33.5647448
36.00319555
52.71508226
54.6764846
33.62810874
51.85861864
35.38324225
42.33320869
53.23039422
34.0287666
33.57100969
43.08628744
42.4327981
86.16851756
66.49187572
87.12465819
51.51161746
82.36381928
70.35293566
83.48302735
86.75964424
81.95441222
86.20804066
86.72556337
88.04023817
81.78360754
80.83483152
68.13744877
72.35736999
88.79588939
84.03403753
46.94634557
84.22968779
46.30285926
85.75398947
85.3509424
86.19952432
59.78059506
60.12533588
34.7547469
53.42137701
57.42734441
52.26985682
54.30897004
55.37090275
55.10529783
55.54791939
55.36441689
56.45937131
57.18943266
56.32591116
66.46821128
76.53082676
81.72566453
46.34419862
78.0050212
24.24713339
54.51959802
42.70564187
11.42039206
51.55132936
34.54900918
80.31299062
68.13627669
66.55480876
32.96799391
51.84708886
31.02589018
47.31853265
45.0741398
0
0
0.009238109
0
36.37737748
36.35492458
37.04737
37.78796145
36.28643349
35.56643564
37.75582215
35.25700321
0.008016148
37.68307631
37.31842283
36.05936178
36.76222104
35.62406124
35.15032102
36.84692109
53.82616243
43.42356675
61.22690974
37.50926408
36.92202823
0.004681019
0.003617871
43.26765346
0.004488158
0.004738058
52.94643714
37.80343691
63.69031796
70.29755406
65.53798485
52.81533993
43.17935761
54.50449033
55.58438205
36.52880887
0.004963038
46.4099374
40.35602913
46.42663606
35.4830884
53.17135031
54.65259841
53.59563774
55.85803513
54.40840577
53.79918712
50.65867095
70.12744287
52.00965133
73.21716217
52.96919585
33.93777772
43.13873085
55.14510567
85.54918272
59.9434977
57.38901861
37.47094244
53.83878373
87.70367026
89.98008953
69.51482403
55.48844486
82.59065927
66.81403949
65.69618506
54.22524009
34.29913271
49.1957454
52.7587092
46.20387389
55.86306789
56.60745372
36.93550805
63.04341032
50.06477053
57.03790012
41.61607866
41.95703113
71.66417028
74.91532933
56.70690124
53.12888805
89.9928442
54.90344821
59.37022128
50.50472719
57.03172195
52.92328814
57.27289256
35.45729351
35.09758045
44.2017558
76.18681721
30.61515556
55.30722109
56.41676113
79.94739749
56.83465796
57.27531724
56.49429287
67.60522771
72.83467922
64.01215695
74.12925096
74.2437819
62.49311381
79.82901975
79.58831186
67.6570771
66.71102643
84.11375482
81.85379358
63.18383257
48.57972331
31.53960264
27.79655395
41.18929714
41.31364835
45.9745814
46.61611145
34.54556115
45.22829595
44.02133636
46.80067814
42.41809443
59.04723947
68.27411426
62.02763728
56.86989561
77.98938813
36.54306452
0.018841336
49.54552105
36.60804018
38.45799967
0.338778227
34.98870889
39.43032877
38.30471639
35.78545244
57.59598292
47.85761198
49.72405677
49.38759254
67.32583465
37.22298602
56.30694407
23.22940683
50.06147473
49.81306609
50.21372202
37.4834313
50.14806188
50.28561151
48.43624868
50.54234276
61.9236734
52.71922275
55.94960097
60.81377172
52.74548005
76.27373781
48.95092628
55.55053547
24.00498152
35.05509423
89.99987618
51.83853591
77.94817672
89.99886602
52.98021453
34.05475407
79.29197225
20.70250975
71.18648783
62.17672001
64.39999521
40.30874114
82.53191972
0.849938071
19.65782101
35.08724998
45.00164597
53.59749303
51.63303015
17.9319227
52.91523196
45.60416843
15.89598499
46.35896913
3.694446963
41.08526187
22.21538425
3.97406129
36.63186633
44.36610939
21.64850273
34.74480253
45.72188225
66.58225705
72.23489502
60.44509902
4.685916383
21.85368774
41.15003891
89.97650969
89.68473014
9.560601133
32.9842907
37.25181639
52.42207481
54.06145578
58.98622125
58.10977854
62.8202748
53.32494315
69.02696661
75.21211437
79.69952012
46.90568939
24.0673369
37.47614582
44.43254556
55.05944045
51.90030591
12.64342066
29.59140145
37.83336916
4.77664491
38.66161328
45.01860001
39.36127379
26.42637729
33.22285419
8.521405384
37.0989451
37.71445473
35.14423069
45.5855018
43.69198997
36.17574718
51.50920057
32.66541261
34.38709961
17.76087277
88.21462681
48.82674723
49.6802389
70.86080512
73.67763965
55.01157599
71.40765279
60.4190444
71.09709486
69.61009497
72.40870127
62.27839702
61.37974263
88.80886291
72.35343439
52.67906847
67.42947896
51.01187127
89.99684003
89.86552817
60.64983321
89.70289887
36.82576792
79.6930287
55.07428287
79.40404517
88.86918034
88.72232988
35.4430048
89.98452872
36.93470405
56.76786722
85.30164884
50.75647164
35.56288995
35.9114157
71.0770351
35.28777266
58.37258816
43.18003669
56.69227924
55.10009351
49.90498519
63.58094888
82.79770752
67.32216276
49.57769056
83.90005639
14.57066183
89.99579068
36.63908631
89.17677777
78.20688697
80.95411045
89.54974656
72.70313007
82.41026514
36.04123267
73.91857878
34.46381449
35.62790987
50.03502759
47.41716814