1.3953000000000002
0.7289000000000003
0.8776999999999999
0.867
1.1407000000000003
1.0627000000000004
0.6800999999999999
0.6111
0.01670000000000016
0.48360000000000003
1.1124
1.0095999999999998
0.9831000000000003
1.1089000000000002
0.8616999999999999
0.5010000000000003
0.9453
0.8451
0.6073000000000004
1.3138999999999998
0.19639999999999969
0.6700999999999997
0.06669999999999998
0.3498999999999999
0.31220000000000026
0.4443999999999999
0.24460000000000015
0.3496999999999999
0.698
0.17149999999999999
0.9037999999999999
0.7867999999999999
0.6202000000000001
1.1169000000000002
0.8666
1.0627
0.9655999999999998
1.0878
1.1936
1.1697000000000002
1.0519000000000003
1.2468
0.9731000000000001
1.0541
0.8431000000000002
0.8815
0.8651999999999997
0.9413999999999998
1.0522
1.0242
0.9408000000000003
1.1488999999999998
0.22219999999999995
0.7775999999999996
0.956
1.0112
0.8635000000000002
1.1158999999999994
1.02
0.6650999999999998
1.004
0.7323999999999997
1.0305
0.33020000000000005
0.8963999999999999
0.8233999999999999
0.8529999999999998
0.8946999999999998
1.0081000000000002
1.0173
0.7696000000000001
1.0561000000000003
0.3937999999999997
0.6541999999999999
0.7072999999999996
0.36650000000000027
0.48139999999999983
1.0421999999999998
0.9228999999999998
0.8146999999999998
0.6193999999999997
0.8136999999999999
0.8137000000000003
1.1189
1.0446000000000004
0.7875000000000001
1.0396
1.0655999999999999
0.8447
0.9457999999999998
0.2836999999999996
0.09109999999999996
0.22919999999999963
0.03929999999999989
0.24799999999999978
0.6085000000000003
0.6227
0.8542000000000001
0.7326000000000001
0.9062000000000001
0.7613999999999996
1.4968999999999997
1.2077
1.0222000000000002
0.8843000000000001
1.1551999999999998
0.7696999999999998
1.0776999999999997
0.6657000000000002
0.8427000000000002
0.7324000000000002
1.1351999999999998
0.8336999999999999
1.1753000000000005
0.9750999999999999
1.0576999999999996
1.1461999999999999
0.9198
1.08
1.0604999999999998
1.036
0.8073999999999999
1.1427999999999998
1.1732999999999998
1.3177000000000003
0.9363999999999999
0.7928000000000002
0.8856000000000002
1.0793999999999997
1.0846999999999998
0.8084000000000002
1.1526
1.2924999999999995
0.8239000000000001
1.0459
0.8523999999999998
1.2627000000000002
1.3172000000000006
0.7086999999999999
0.4455999999999998
1.0543
0.9427000000000003
0.7947000000000002
0.9064999999999999
0.8538999999999999
0.4793999999999996
0.8024
1.2404999999999995
1.1110000000000002
1.1326999999999998
0.8452000000000002
1.2022
0.8681000000000001
0.9802
0.19610000000000039
0.6871
0.7378999999999998
0.9049
0.7765
0.7187999999999999
0.07820000000000027
0.5783
0.7395999999999998
0.5032000000000001
0.9491
0.6343999999999999
0.681
0.8235000000000001
1.0385
0.8874999999999997
0.8141000000000003
1.1417000000000002
0.7465000000000002
0.8181999999999996
1.0362999999999998
0.8043999999999998
0.8799999999999999
1.1532999999999998
1.2437999999999998
0.8154999999999997
0.9076999999999997
1.1366999999999998
1.1457000000000002
0.7824999999999998
0.36050000000000004
0.8077000000000001
0.8003
0.17039999999999988
0.05209999999999981
1.009
0.9348000000000001
1.0424000000000002
0.6903999999999999
0.5174000000000003
0.9169999999999998
0.8785000000000003
1.1879000000000004
0.5815000000000001
0.6467999999999998
0.8732000000000002
0.7277999999999998
0.7605000000000004
1.1679
0.9097999999999997
1.0274999999999999
1.7124000000000001
0.8304
1.4047999999999994
1.5332
1.8779
1.3363
1.4327999999999999
0.6169000000000002
0.8416000000000001
0.8553000000000002
0.4218000000000002
0.3889
0.34189999999999987
0.8317999999999999
1.0581
1.1162
1.0746000000000002
0.9305000000000003
0.8733
0.8744999999999998
0.7713999999999999
0.8990999999999998
0.9287000000000001
0.9863
0.6434000000000002
1.0697
0.6983000000000001
1.0407000000000002
1.1269
0.9259000000000004
0.6985000000000001
0.11000000000000032
0.5247000000000002
0.8492999999999999
0.7082999999999999
0.8058000000000001
0.9712000000000001
0.04150000000000009
0.09220000000000006
0.24069999999999991
0.33130000000000015
1.2273
0.8177999999999996
1.4712
1.7107
1.1206999999999998
1.3166000000000002
1.6775000000000002
0.8580999999999999
1.4926
1.0117000000000003
0.8597999999999999
0.8435999999999999
1.3605999999999998
0.7007000000000003
1.0773000000000001
0.9965999999999999
1.1502000000000003
1.0785999999999998
1.2698
1.1345
0.8303000000000003
0.8976000000000002
0.7708999999999997
1.1760999999999995
0.9716
0.6482999999999999
0.7876999999999996
0.7222
0.8598999999999997
0.8737000000000004
1.0648
1.0934
0.7247000000000003
0.8977000000000004
1.1036000000000001
1.0642
1.0654999999999997
0.8263999999999996
1.0759000000000003
0.7916000000000003
0.9990999999999999
1.1075
0.7344999999999997
0.9539
0.8590999999999998
1.1513999999999998
1.2284000000000002
0.8559999999999999
0.9232999999999998
0.8452999999999999
0.7000000000000002
0.7272999999999996
1.0263
0.7616
0.9441999999999999
0.7410000000000001
1.0452
0.8212999999999999
0.9217
0.9453
1.2721999999999998
1.3519
1.1754000000000002
0.7961
1.1752000000000002
0.8890000000000002
0.7681
1.4615999999999998
1.6919
0.20440000000000014
0.04700000000000015
0.5489999999999999
0.6312000000000002
0.8723999999999998
0.6374999999999997
0.7485000000000004
0.7111999999999998
0.6890999999999998
0.6400000000000001
0.8157000000000001
0.7968000000000002
1.109
0.3359000000000001
0.6221999999999999
0.6063000000000001
0.6972
0.9545999999999997
1.3133
0.7952000000000004
0.5692999999999997
0.8898000000000001
1.3650000000000002
0.9336000000000002
0.3999999999999999
0.19810000000000016
0.9632000000000001
0.746
0.4317000000000002
0.8729
0.8456000000000001
0.5388999999999999
0.9464000000000001
1.0577999999999994
0.8301999999999996
1.5070000000000001
0.8719999999999999
0.5465
1.0818000000000003
1.1652999999999998
1.0279000000000003
0.2763
0.9847999999999999
1.0419000000000005
1.0804999999999998
0.9211000000000005
1.1856
1.1404999999999998
0.5061
0.8266999999999998
0.8054000000000001
0.8085
0.8247999999999998
0.8971999999999998
0.9870000000000001
0.6191
0.7843
0.6191
0.6434000000000002
0.6379999999999999
0.7332999999999998
0.7157
0.9213
1.1276000000000002
1.2942999999999998
0.8199000000000001
0.13070000000000004
1.0628000000000002
0.8344
1.1581000000000001
1.2559
0.8839999999999999
1.0333
1.2637999999999998
1.0473
1.1191
1.0718
1.1529000000000003
0.8603000000000001
1.1341
0.8516000000000004
1.0302000000000002
0.3876999999999997
0.863
0.5232999999999999
0.6101999999999999
1.0306000000000002
0.9596
1.4676
0.5786000000000002
0.8178999999999998
1.2277
1.4066
1.0171999999999999
0.9108
0.7440000000000002
1.1448999999999998
1.1360999999999999
1.1121999999999996
0.556
1.0648999999999997
1.1249000000000002
1.0251000000000001
0.8093999999999997
0.9321000000000002
0.7837999999999998
1.1250999999999998
0.9512
1.0175
0.7555999999999998
1.0032999999999999
1.0393000000000003
1.0169000000000001
1.1031
1.2549000000000001
1.0997000000000003
0.8717000000000001
0.7966000000000002
0.8925000000000001
0.855
0.9464999999999999
1.2289000000000003
1.2579000000000002
1.1284
0.9377
0.8108000000000004
0.9358
1.12
1.0985999999999998
1.1705
1.0937000000000001
1.1359999999999997
0.7422
0.8390999999999997
0.7185000000000001
0.9091
1.0437000000000003
0.9323000000000001
1.0852999999999997
0.9906999999999999
1.0139999999999998
0.8916
0.8780999999999999
0.7604000000000002
0.9758
1.0070999999999999
0.9182000000000001
1.0678
0.9621
0.5842999999999998
1.0554000000000001
1.1453000000000002
0.9708999999999999
0.8715999999999999
1.2248999999999994
1.0015999999999998
1.2180000000000004
0.7492999999999999
1.1157
0.6396999999999999
1.1084
0.6411000000000002
1.1132
0.28600000000000003
0.6135999999999999
0.4039999999999999
0.9825999999999997
0.2724000000000002
1.0484000000000004
0.6848999999999998
0.5808
0.9428999999999998
0.7000000000000002
0.6861000000000002
1.1494
0.6732
0.9541
1.1577000000000002
0.7957000000000001
0.1618999999999997
0.7425999999999999
0.29499999999999993
0.15080000000000027
0.3900999999999999
0.2875000000000001
0.16769999999999996
0.1376000000000004
0.3844000000000003
0.9693999999999998
0.03110000000000035
0.7524000000000002
0.6107999999999998
0.4293
0.8700000000000001
0.6710999999999996
0.9170000000000003
0.25760000000000005
1.0503999999999998
0.6919
0.5539000000000001
0.9001999999999999
0.7319
0.6655000000000002
0.9772999999999996
0.9774000000000003
0.22140000000000004
0.5515000000000003
0.24150000000000027
0.013799999999999812
0.2669999999999999
1.0548000000000002
0.9131
1.1069999999999998
0.6747000000000001
0.5455999999999999
0.7117
0.8346999999999998
1.2024
0.6961000000000004
0.29610000000000003
0.18270000000000008
1.1168999999999998
0.9931000000000001
1.2280000000000002
0.9563000000000001
0.5002
0.7577000000000003
0.9920999999999998
0.9182000000000001
0.9284000000000003
1.1047000000000002
0.11909999999999998
0.33230000000000004
0.6344999999999996
0.36980000000000013
0.5836000000000001
0.4811000000000001
0.3578000000000001
0.3480000000000003
0.6297999999999999
0.15249999999999986
0.5537999999999998
0.2749999999999999
0.7700999999999998
0.8969999999999998
1.0194999999999999
0.5624000000000002
0.6972
0.5959999999999996
0.8963000000000001
0.9526000000000003
1.0280999999999998
0.9394
0.41800000000000015
0.7803
0.6356000000000002
1.0173
0.8649999999999998
0.6852
1.0337999999999998
0.9308999999999998
0.6463999999999999
0.24549999999999983
0.8452000000000002
0.9826999999999999
1.0582000000000003
0.8286000000000002
1.0048999999999997
0.9108
0.6377000000000002
1.0220000000000002
1.0074
1.0670000000000002
0.9108
0.8234999999999997
0.16049999999999986
0.29610000000000003
0.6747000000000001
0.6412
1.0725000000000002
0.8754
0.6867999999999999
0.12009999999999987
0.8448000000000002
0.35619999999999985
0.7536
0.6648000000000001
0.38670000000000027
0.6543999999999999
0.4382999999999999
0.4248000000000003
0.8249
0.8794999999999997
0.7525
0.19510000000000005
0.7107000000000001
0.9812000000000003
0.9975999999999998
0.6678999999999999
0.7251000000000003
0.8018999999999998
1.0794000000000001
1.1537999999999995
0.8494999999999999
0.7888999999999999
0.4518
0.4941
0.758
0.6930999999999998
0.6587000000000001
0.7051000000000003
1.1121000000000003
0.49819999999999975
0.25360000000000005
1.0029
0.5429999999999997
0.7976000000000001
0.8233999999999999
0.7723
0.7273000000000001
0.8304
0.6718999999999999
1.0585999999999998
0.3317000000000001
0.6490999999999998
0.09629999999999983
0.8571
0.7410999999999999
0.8421000000000003
0.8697999999999997
0.8805999999999998
1.1290999999999998
0.3963000000000001
0.6149
0.9087000000000001
0.2891999999999997
0.04170000000000007
0.28069999999999995
0.3378000000000001
0.7191000000000001
0.5930999999999997
0.5300000000000002
0.5644999999999998
0.5298000000000003
0.27669999999999995
0.21130000000000004
0.44819999999999993
0.6346000000000003
0.5985
0.49540000000000006
0.4767999999999999
0.46160000000000023
0.1221000000000001
0.1271
0.5337000000000001
0.4586000000000001
0.4496000000000002
0.3753000000000002
0.28200000000000003
0.4262999999999999
0.2986
0.5853999999999999
0.7289999999999996
0.7274000000000003
0.15939999999999976
0.3423999999999996
0.12699999999999978
0.20940000000000003
0.30059999999999976
0.1301000000000001
0.03960000000000008
0.35139999999999993
0.34999999999999964
0.8637999999999999
0.39480000000000004
0.1879000000000004
0.28390000000000004
0.2836000000000003
1.3527999999999998
1.0985999999999998
0.3687
1.1507
1.2359
1.1482
1.4348999999999998
1.1208
1.1725999999999996
0.9939
0.7047000000000003
0.7452999999999999
0.9819
1.2742999999999998
0.9208000000000003
0.5123000000000002
0.9885999999999999
0.8674
0.9144999999999999
0.9199999999999999
0.6993999999999998
1.0349
0.9516000000000004
0.5813999999999999
0.7808000000000002
0.45599999999999996
1.3588999999999998
1.1673999999999998
1.1545999999999998
1.4134000000000002
0.6534
0.9359999999999999
1.3044999999999995
0.7062000000000004
0.5827999999999998
0.9968999999999997
0.5244
0.8124000000000002
0.5156999999999998
0.6419999999999999
0.3020999999999998
0.05690000000000017
0.9791000000000003
0.48360000000000003
0.39860000000000007
0.053999999999999826
0.49770000000000003
0.42600000000000016
0.38759999999999994
0.6407000000000003
0.28569999999999984
0.5377000000000001
0.6288999999999998
0.3761000000000001
0.6430000000000002
0.6508000000000003
0.6663000000000001
0.7593000000000001
0.9939
1.0479000000000003
0.6103000000000001
1.1203000000000003
0.7370000000000001
0.7424999999999997
0.6530999999999998
0.21369999999999978
0.10660000000000025
0.42969999999999997
0.06409999999999982
0.03229999999999977
0.3708
0.4657
0.3696999999999999
0.49140000000000006
0.6612
0.2764000000000002
0.42269999999999985
0.5783999999999998
0.2965
0.45040000000000013
1.0478999999999998
1.1871999999999998
0.6206999999999998
0.26639999999999997
0.31999999999999984
0.9106999999999998
0.15670000000000028
0.9062000000000001
0.058699999999999974
0.14380000000000015
0.029199999999999893
0.2966000000000002
0.1806000000000001
1.0476999999999999
1.0069
0.6579000000000002
0.5421999999999998
1.0010000000000003
0.8567
0.8996
0.7867999999999999
0.8151999999999999
0.8558999999999997
0.6580999999999997
0.8751000000000002
0.9619000000000004
0.43520000000000003
1.0711
0.8233999999999999
0.6135000000000002
0.9323000000000001
0.9973000000000001
0.5918999999999999
0.8475000000000001
0.8661999999999996
0.8071999999999999
0.5661
0.7454000000000001
0.5794999999999999
1.0317999999999996
1.0202
0.8029999999999999
0.7161
0.9181999999999997
0.8681999999999999
0.8089
0.964
0.774
0.9198
1.0253
0.5604
0.8736000000000002
0.3965000000000001
0.7883
0.9110999999999998
0.7626
0.6713999999999998
0.6362999999999999
0.17779999999999996
0.3506999999999998
0.9086000000000003
0.5526
0.5575000000000001
0.7996000000000003
0.3362000000000003
0.4365000000000001
0.7652999999999999
0.8963999999999999
0.6513
0.6141000000000001
0.5755000000000003
0.9464000000000001
0.7399
0.9575999999999998
0.7235
0.9224999999999999
0.508
0.5724999999999998
1.0044000000000004
1.0671
0.6738000000000004
0.9126999999999996
0.8336000000000001
0.7635999999999998
0.8075999999999999
0.8031000000000001
0.7021000000000002
0.7042000000000002
0.6804999999999999
0.8460000000000001
0.8289
0.7623000000000002
0.4860000000000002
0.8870999999999998
0.6904999999999997
0.41110000000000024
0.8340999999999998
0.6111
0.8447999999999998
0.6810999999999998
0.8959999999999999
0.7136999999999998
0.5116
0.8466
0.5282
1.0904000000000003
0.7206999999999999
0.6619999999999999
0.6589
0.6596000000000002
0.6684000000000001
0.7530999999999999
0.5382000000000002
0.9072999999999998
0.7968999999999999
0.6688000000000001
0.9323999999999995
0.7849999999999997
0.9921999999999995
0.6598999999999999
0.5924999999999998
0.8313999999999999
0.8478999999999997
0.5912999999999999
0.7790999999999997
0.8942000000000001
0.8928000000000003
0.35489999999999977
0.6680999999999999
0.8818999999999999
0.8996
0.9209
0.9067000000000003
0.8641000000000001
0.9788999999999999
0.7162999999999999
0.7760000000000002
0.1724000000000001
0.6833
0.4289999999999998
0.1362000000000001
0.3374999999999999
0.2951999999999999
0.03270000000000017
0.5650999999999997
0.25539999999999985
0.4990000000000001
0.4342999999999999
0.48709999999999987
1.0359999999999996
0.22460000000000013
0.8106
0.32699999999999996
0.4905000000000004
0.5207999999999999
0.45420000000000016
0.4698000000000002
0.4356
0.45740000000000025
0.5646
0.9550000000000001
0.8868999999999998
0.8184999999999998
0.8210000000000002
0.9213999999999998
0.5414999999999996
0.3437999999999999
0.48629999999999995
0.28200000000000003
0.42159999999999975
0.43310000000000004
0.371
0.5728999999999997
0.7986999999999997
0.621
0.30230000000000024
0.7623000000000002
0.5535999999999999
0.4108999999999998
0.5029000000000003
0.2562000000000002
0.5178000000000003
0.4604999999999997
0.22399999999999975
0.09750000000000014
0.015600000000000058
0.3386999999999998
0.18369999999999997
0.49449999999999994
0.1383000000000001
0.5305
0.36430000000000007
0.3239000000000001
0.5404
0.4655
0.9473000000000003
0.7810000000000001
0.8708
0.7688999999999999
0.3836999999999997
0.17349999999999977
0.7744999999999997
0.6347
0.6905999999999999
0.8005
0.3249000000000004
0.7927
1.1467
0.7844000000000002
0.4753000000000003
0.6334
0.6903999999999999
0.5451999999999999
1.1657000000000002
0.5223999999999998
0.4822000000000002
0.4758
0.5865
0.8469000000000002
0.6894999999999998
0.927
0.863
0.6324999999999998
0.9241999999999999
1.0568
0.6431
0.6425000000000001
0.6021999999999998
0.9577
0.7785000000000002
0.9014000000000002
0.8342
0.8811
0.8233000000000001
0.45109999999999983
1.0974
0.8361000000000001
0.6987999999999999
0.964
0.4547000000000003
0.968
0.2594999999999996
0.9468000000000001
0.9809000000000001
1.0303999999999998
0.9851999999999999
0.5707
0.8743999999999996
0.8389000000000002
1.0405000000000002
1.0091
0.8023000000000002
0.9302999999999999
0.8090999999999999
1.0427999999999997
1.0533000000000001
0.30069999999999997
0.5051999999999999
0.9608999999999996
0.9493
0.3820000000000001
1.0697
1.1288
1.1081999999999996
1.1451000000000002
1.1306999999999996
0.9346000000000001
1.1357
1.0413000000000001
0.49239999999999995
1.1175000000000002
1.0000999999999998
0.8791000000000002
1.0695999999999999
1.0408999999999997
0.8173000000000004
0.9916999999999998
1.1641
0.8447
0.6995999999999998
0.5944000000000003
0.9306000000000001
1.0861999999999998
1.0379
0.9888000000000003
1.1584000000000003
0.4333999999999998
0.9249
0.5610999999999997
1.1727000000000003
1.0841000000000003
0.7894000000000001
0.8247
1.1366999999999998
1.0974
0.8506
0.5640000000000001
0.8427000000000002
1.0693000000000001
0.5225
0.5675999999999997
1.1497000000000002
1.0265999999999997
0.9227000000000003
0.5289999999999999
0.9805999999999999
0.9236999999999997
0.5985
0.9413
1.1250999999999998
1.0717000000000003
0.7986999999999997
0.44530000000000003
0.9958999999999998
0.9264000000000001
0.8031999999999999
1.0112
0.9137
0.7961
1.1525999999999996
0.9485000000000001
0.8231999999999999
1.0861999999999998
1.0128999999999997
0.7603
0.9033000000000002
0.8623000000000003
1.1368999999999998
1.1193
1.0553
0.5009000000000001
1.0676
1.1509999999999998
1.1717
1.1227
1.1568
1.1763
0.7244999999999999
0.8923999999999999
1.1556000000000002
0.07430000000000003
0.7838000000000003
0.3622000000000001
0.4013
0.9843999999999999
1.1151999999999997
0.6808000000000001
1.0006
1.0655999999999999
0.9780000000000002
1.0968
0.2956000000000003
1.0593
0.919
0.8801000000000001
0.8832
0.5779999999999998
0.7987000000000002
1.0703
0.8971999999999998
1.1540999999999997
1.0146000000000002
0.6713999999999998
0.7435
0.6214999999999997
1.0431999999999997
1.1253000000000002
1.1769999999999996
0.6080000000000001
0.9691000000000001
0.4857999999999998
0.9359999999999999
0.7676000000000003
0.8722999999999996
0.7505000000000002
0.3734000000000002
1.0497
0.8296000000000001
0.9026000000000001
0.8033000000000001
1.2092
1.1988999999999996
1.1263
0.8793000000000002
0.9432999999999998
1.0419
0.2477999999999998
0.8831000000000002
0.4557000000000002
0.9521999999999999
0.9844999999999997
0.6298000000000004
0.7662
0.9487000000000001
0.8576000000000001
1.1178999999999997
1.1208
0.9807999999999999
0.8525999999999998
1.1730999999999998
0.4028999999999998
0.30699999999999994
0.9308000000000001
0.8891
0.8967999999999998
0.7601999999999998
0.6812
1.0206999999999997
1.0248
0.7471000000000001
0.8622000000000001
0.9967000000000001
0.4197000000000002
1.3856000000000002
0.6899000000000002
0.8563000000000001
0.8153000000000001
0.7635999999999998
1.0086
1.0248
1.1692
1.0453999999999999
1.1249999999999996
0.7384
0.7953999999999999
1.0331000000000001
0.8757000000000001
0.4906999999999999
0.11410000000000009
0.5417000000000001
0.4870000000000001
0.48870000000000013
0.4899
0.8782999999999999
0.4737
0.4906999999999999
0.13759999999999994
0.8855
0.484
0.49109999999999987
1.214
0.47829999999999995
0.4884999999999997
0.714
0.9051
1.2436999999999996
0.8503000000000003
0.45710000000000006
0.8924000000000003
1.0060000000000002
0.8146
0.42459999999999987
0.36560000000000015
1.1978
1.0871
0.9948000000000001
0.5219
0.41410000000000036
0.5440999999999998
0.8720000000000003
0.9278999999999997
0.3892000000000002
0.7368999999999999
0.8069999999999999
0.7576999999999998
0.7449999999999997
0.44410000000000016
0.4573999999999998
0.9814999999999996
0.4799000000000002
0.4861
1.2106
0.4349000000000003
0.5148999999999999
0.5297000000000001
0.38619999999999965
0.4407000000000001
0.6729000000000003
0.5084000000000004
0.7041
0.5884
0.40029999999999966
0.8726000000000003
1.076
0.9230999999999994
1.0903999999999998
0.8115000000000001
0.9152
1.021
0.6974999999999998
0.8451999999999997
0.6897000000000002
1.0618000000000003
0.6692
0.6132
0.8756999999999997
0.2113999999999998
0.8002000000000002
1.1834999999999996
0.6540999999999997
0.7626
0.6069
0.32909999999999995
1.0596999999999999
0.9493999999999998
0.5350999999999999
0.4548000000000001
0.6444999999999999
0.30479999999999974
0.46430000000000016
0.46689999999999987
0.40390000000000015
0.4756
0.4772000000000003
0.35790000000000033
0.4542999999999999
0.4754999999999998
0.06150000000000011
0.02829999999999977
0.4232
0.4683999999999999
0.2065999999999999
0.3893
0.4392999999999998
0.5819000000000001
0.6002000000000001
0.45809999999999995
0.30810000000000004
0.5444999999999998
0.4529000000000001
0.23040000000000038
0.4399000000000002
0.7086000000000001
0.7821000000000002
0.7513999999999998
0.3330000000000002
0.28310000000000013
0.5711999999999997
0.46460000000000035
0.28259999999999996
0.4518
0.31979999999999986
0.48419999999999996
0.44589999999999996
0.6137999999999999
0.4918
0.4855999999999998
0.10400000000000009
0.45879999999999965
0.5247999999999999
0.28039999999999976
0.23089999999999966
0.45520000000000005
0.45689999999999964
0.4681000000000002
0.3571
0.45840000000000014
0.4708999999999999
0.4649000000000001
0.4641000000000002
0.1881999999999997
0.9818000000000002
0.9380000000000002
1.0394999999999999
1.0673
0.8975
0.8717000000000001
0.8339000000000003
1.104
1.0913000000000004
0.5414000000000003
1.0086
0.8611999999999997
0.7222999999999997
1.1046
0.3809999999999998
0.9510999999999998
1.0034999999999998
0.9277000000000002
0.7656999999999998
0.6736
0.8216999999999999
1.0885999999999996
0.9340999999999999
0.8821999999999997
0.9558999999999997
0.4485000000000001
0.8527999999999998
0.5933000000000002
0.7240000000000002
0.8214999999999999
0.9882
0.9798
0.8652000000000002
0.8840999999999997
1.0791
0.6286999999999998
0.8082000000000003
0.9434
0.7238000000000002
0.7283
1.0698000000000003
1.0594999999999999
1.0183
1.0648999999999997
1.0707
1.0208
0.8038000000000003
0.8281999999999998
1.1619999999999995
0.9142999999999999
1.1459000000000001
0.9198
0.8519999999999999
0.9837000000000002
0.8740999999999999
0.9171
0.8954
0.9540000000000002
0.9433999999999996
0.7272999999999996
0.7277
0.7709000000000001
0.9423000000000004
0.9297
1.0530999999999997
1.0387
1.0564
0.3675999999999999
1.0644
0.8935
0.8980999999999999
0.8677999999999999
1.0812
0.5942000000000003
1.0490999999999997
0.8499999999999996
0.9022000000000001
0.9289000000000001
0.8957999999999999
0.4176000000000002
0.9081999999999999
1.0065999999999997
0.8079000000000001
0.6840000000000002
0.8409000000000004
0.8757000000000001
0.6960999999999999
0.7190000000000003
0.3731
0.5215000000000001
0.38470000000000004
0.7538999999999998
0.9159999999999999
0.8327
0.9420999999999999
1.0034999999999998
0.7549999999999999
0.6640000000000001
0.8180999999999998
0.8299000000000003
0.7751000000000001
0.7904999999999998
0.7670000000000003
0.6919999999999997
0.6305999999999998
0.7228999999999997
0.6366
0.9638999999999998
0.8032000000000004
0.8130999999999999
0.8561000000000001
0.9771000000000001
0.6221999999999999
0.9236999999999997
0.6898
0.6765000000000003
1.0513999999999997
0.8007
0.8388
0.6858999999999997
0.7890000000000001
0.7412000000000001
0.6919
0.6142000000000003
0.6814
0.8007999999999997
0.3994
0.013100000000000112
0.6901000000000002
0.6205000000000003
0.1555000000000002
0.1431
0.3860999999999999
0.7916999999999996
0.5397000000000003
0.585
0.7202999999999999
0.3218000000000001
0.5344000000000002
0.5066000000000002
0.7364999999999999
0.2138
0.7078000000000002
0.23309999999999986
0.4692000000000003
0.1271
0.7892000000000001
0.7635999999999998
0.5736999999999997
0.6275
0.41839999999999966
0.7803
0.8253000000000004
0.6978999999999997
0.3100999999999998
0.5642
0.7133000000000003
0.5623
0.48329999999999984
0.7187999999999999
0.7757999999999998
0.4428000000000001
0.4285000000000001
0.9247999999999998
0.6981000000000002
0.6223999999999998
0.37349999999999994
0.5931000000000002
0.786
0.762
0.7248999999999999
0.7705000000000002
0.9238999999999997
0.6400000000000001
0.5575999999999999
0.6587000000000001
0.6846999999999999
0.5819999999999999
0.6603999999999997
0.8500999999999999
0.7378
0.79
0.6698
0.6631
0.6962999999999999
0.4681000000000002
0.38980000000000015
0.6166
0.5571999999999999
0.5233000000000003
0.49629999999999974
0.6780999999999997
0.12250000000000005
1.0070999999999999
0.9861
1.0082999999999998
0.9373999999999998
0.6954000000000002
0.7222
0.5361000000000002
0.7012999999999998
0.6629
0.6741000000000001
0.6341000000000001
0.8386
0.8959999999999999
0.8068999999999997
0.7378
0.7544
0.8224
0.7254999999999998
0.6233
0.7511000000000001
0.8112999999999997
0.7807999999999997
0.6985999999999999
0.9636999999999998
0.7925
0.7796000000000003
0.7484999999999999
0.6696
0.6476000000000002
0.5314999999999999
0.46130000000000004
0.7880000000000003
0.5007999999999999
0.6059999999999999
0.8211999999999997
0.782
0.15790000000000015
0.7953000000000001
0.35340000000000016
0.3652000000000002
0.21709999999999985
0.6181999999999999
0.8249000000000004
1.0059
0.7818
0.7855000000000003
0.7098999999999998
0.6492999999999998
0.9251
1.0223999999999998
0.8376000000000001
0.9451999999999998
0.3741000000000003
0.9259
0.8948999999999998
0.8978000000000002
0.8614999999999999
0.6198999999999999
0.9016000000000002
0.7229000000000001
0.7719
0.7681
0.9159999999999999
0.5720999999999998
0.45409999999999995
0.7328999999999999
0.38329999999999975
0.7439999999999998
0.9090000000000003
0.6747000000000001
0.8233000000000001
0.48360000000000003
0.883
0.7710000000000004
0.6517999999999997
0.7465999999999999
0.7984
0.7107000000000001
0.7418999999999998
0.7189999999999999
0.7246000000000001
0.7052999999999998
0.702
0.7252999999999998
0.7946
0.7892000000000001
0.7599
0.7403
0.6275
0.7353000000000001
0.8608000000000002
0.7866999999999997
0.9701
0.9784999999999999
0.4586999999999999
0.9624000000000001
0.9765000000000001
0.4487000000000001
0.7437999999999998
0.9444999999999997
0.9182000000000001
0.9834
0.7225000000000001
0.827
0.4017000000000004
0.8944000000000001
0.4140999999999999
0.6877999999999997
0.8699999999999997
0.7917999999999998
0.5506000000000002
0.8348
0.7035
0.7837000000000001
0.7328000000000001
0.6839
0.7526999999999999
0.8139999999999996
0.6946000000000003
0.7587999999999999
0.9311000000000003
0.5678999999999998
0.8188
0.7161
0.7970000000000002
0.7041000000000004
0.7452999999999999
0.5333000000000001
0.7869000000000002
0.7844000000000002
0.5405000000000002
0.6890999999999998
0.7444999999999999
0.7109000000000001
0.16869999999999985
0.8418999999999999
0.7486999999999999
0.3732000000000002
0.4177000000000004
0.5707999999999998
0.2671999999999999
0.6154000000000002
0.4772000000000003
0.8340999999999998
0.6020999999999996
0.5467
0.367
0.9199000000000002
0.5787999999999998
0.7479
0.6422000000000003
0.7883
0.2365999999999997
0.6728999999999998
0.47189999999999976
0.4843000000000002
0.17669999999999986
0.5306000000000002
0.2797999999999998
0.7478000000000002
0.3482000000000003
0.4607000000000001
0.41869999999999985
0.9183999999999997
0.9819
0.9487999999999999
0.9450000000000003
0.9381999999999997
0.7513999999999998
0.7519
0.5773000000000001
0.8842999999999996
0.7751999999999999
0.5649000000000002
0.5662000000000003
0.6636000000000002
0.5436999999999999
0.4577
1.0389
1.1561
0.9413
0.9295999999999998
1.1953
1.0385
0.9977999999999998
0.8855999999999997
0.7117
0.8355999999999999
0.9847000000000001
0.96
1.1301
1.0688999999999997
1.0448
1.0097
0.9424000000000001
0.9612000000000003
0.5457999999999998
0.7799
0.9998
1.1562999999999999
1.0673999999999997
0.9600999999999997
0.9307000000000003
0.8851
1.3080000000000003
1.0382000000000002
1.0238
0.8523999999999998
1.1679999999999997
0.8278000000000003
1.5402
0.9154
0.9060000000000001
1.1528
1.0760999999999998
1.0840999999999998
1.0307
1.1492999999999998
0.9899
1.2031
0.7414000000000001
0.6770999999999998
0.8241
0.911
1.0314
1.2242000000000002
1.1683
0.9489000000000001
1.1016
0.9571000000000001
1.1395
0.9293
0.9837999999999996
0.8039999999999998
1.2056
0.9161999999999999
0.8102
0.863
1.1564999999999999
0.8490000000000002
0.8553000000000002
0.7759999999999998
0.9920999999999998
0.33009999999999984
0.9152
0.8026
0.9247999999999998
0.3355999999999999
0.6968000000000001
0.5487000000000002
0.3774000000000002
0.5453000000000001
0.8304
0.6305999999999998
0.7339000000000002
0.37650000000000006
0.835
0.26770000000000005
0.4335
0.7182999999999997
0.8514999999999997
0.8403999999999998
0.5998999999999999
0.3849
1.2054
0.5480999999999998
0.9682
0.8003999999999998
1.1591
1.2054999999999998
1.1781000000000001
0.5047999999999999
1.0951999999999997
0.8848000000000003
1.2357
0.3533999999999997
0.9234
1.0896999999999997
1.1143999999999998
0.1615000000000002
1.2107
0.9359999999999999
0.7871000000000001
0.4631999999999996
1.1092
1.1971000000000003
1.1707999999999998
1.129
1.1888
0.2873000000000001
1.0532000000000004
0.7883
0.7908
1.142
0.9682999999999997
0.22809999999999997
1.0145
0.6517
0.4730000000000003
0.4845999999999999
0.22949999999999982
0.8489
1.1128
1.0818000000000003
0.9676
0.9763999999999999
0.7802000000000002
0.9567999999999999
1.1043000000000003
0.7741000000000002
0.6046
0.7465999999999999
0.9899
1.1097000000000001
0.9892000000000003
0.8856000000000002
0.7155
1.0838999999999999
0.4155000000000002
0.9253999999999998
1.0879000000000003
0.6968999999999999
1.0430000000000001
0.5318999999999998
0.6816
1.0652
0.9724999999999997
0.9925000000000002
0.42910000000000004
0.6623999999999999
1.0026000000000002
0.45310000000000006
0.5359000000000003
0.915
0.8779999999999997
0.2791999999999999
0.9207999999999998
0.528
1.0702000000000003
1.169
1.0749
0.6949000000000001
0.7884000000000002
0.7833000000000001
0.6063000000000001
0.32699999999999996
0.9893000000000001
0.9460999999999999
0.9276
0.4631000000000003
0.7171999999999996
0.7204000000000002
0.7663000000000002
0.1748000000000003
0.5312000000000001
0.8269000000000002
1.1473
0.6275000000000004
0.9781
0.4778000000000002
0.46920000000000006
0.5359999999999998
0.6966000000000001
0.8479000000000001
0.9481000000000002
0.3797999999999999
0.8445999999999998
0.9508000000000001
0.6821999999999999
1.0386000000000002
0.6762000000000001
0.6440000000000001
0.9325000000000001
0.8250000000000002
0.8336999999999999
0.38870000000000005
0.5167000000000002
0.37619999999999987
0.17559999999999976
0.43100000000000005
0.7374
1.0179
0.9154999999999998
0.6951999999999998
0.9847999999999999
0.7725
0.7052999999999998
0.9402999999999997
0.5493999999999999
0.16800000000000015
0.6554000000000002
1.0192
1.0573000000000001
0.6057999999999999
1.1349
1.0789999999999997
0.7297000000000002
0.09550000000000036
0.9672999999999998
0.2610999999999999
0.899
0.8761999999999999
0.9641000000000002
0.9177000000000004
0.4599000000000002
0.9876
0.3218000000000001
0.2881
0.07939999999999969
0.4721000000000002
1.0936
0.37749999999999995
0.9895
1.2584
0.7366000000000001
0.9778000000000002
1.052
0.7155
0.9224999999999999
0.5640999999999998
0.8812000000000002
0.8874
1.065
1.0069
0.8586
0.9217
0.6656
0.8803000000000001
0.827
1.1816
0.9023999999999996
0.7842000000000002
1.1764000000000001
0.9823
0.7845000000000004
0.9701
1.0034999999999998
0.9849999999999999
0.7688000000000001
0.8980000000000001
0.5994999999999999
1.0784000000000002
1.0082
0.9177000000000004
0.8996
0.9371999999999998
0.6774999999999998
0.8424
1.0903
1.0324999999999998
1.0545
1.1414
0.8971
0.8123
0.9998
0.9935
0.7601
0.27249999999999996
0.6208
0.9227999999999996
0.7427000000000001
0.8966999999999996
0.9223999999999997
0.8719000000000001
0.38919999999999977
0.7638000000000003
0.32600000000000007
0.8982999999999999
0.8876999999999997
0.6669
0.5697999999999999
0.7605000000000004
0.8279000000000001
0.6071999999999997
0.8401999999999998
0.7889999999999997
0.7458
0.9407000000000001
0.8672
0.8231999999999999
1.0185
0.9285000000000001
0.7429000000000001
0.8715999999999999
0.5423
0.7901000000000002
0.7308000000000003
0.9165000000000001
0.7145000000000001
0.7525999999999997
0.6384999999999996
0.7605999999999997
1.0042
1.1268000000000002
1.513
0.7530999999999999
0.8745000000000003
0.9188000000000001
0.8001999999999998
0.8331
0.8948
0.7969000000000004
0.7961
0.9533999999999998
0.8744000000000001
0.36370000000000013
0.8024
0.9571000000000001
0.8147000000000002
0.8401000000000001
0.7670999999999997
0.8170999999999999
1.1693000000000002
1.1665
1.2454999999999998
1.5044000000000004
1.1587
0.8363999999999998
1.2812999999999999
1.1318000000000001
0.8344999999999998
0.363
1.0749999999999997
1.1476000000000002
1.0707999999999998
1.068
0.9683999999999999
0.7511999999999999
1.2705000000000002
1.3339999999999996
1.2666000000000004
1.1869
1.3981000000000003
0.8786
1.0211000000000001
1.0547
1.0877
0.5013000000000001
1.1173000000000002
0.9476
0.9040000000000004
0.6743000000000001
1.0984999999999996
1.2869000000000002
1.0964
1.0575
1.4616000000000002
0.7499000000000002
1.0525000000000002
0.9612000000000003
0.8174999999999999
0.8845000000000001
0.992
0.8688000000000002
0.9491
0.8681999999999999
0.8808000000000002
0.8814000000000002
1.0907
0.4942000000000002
0.6750000000000003
0.9333
0.058800000000000185
0.9243999999999999
0.8805000000000001
0.6583000000000001
1.1103999999999998
1.0108000000000001
0.9483999999999999
0.35660000000000003
1.0437999999999996
1.3729999999999998
1.1772999999999998
1.1311999999999998
1.3352999999999997
1.2154000000000003
1.1686
0.9570000000000003
0.6742000000000004
0.011399999999999633
0.6703000000000001
0.7930000000000001
0.6316000000000002
0.4693999999999998
0.8737999999999997
0.9196
0.11359999999999992
0.41159999999999997
0.5651999999999999
0.2784
0.4590000000000001
0.5261
0.8764000000000003
0.9870999999999999
0.5143999999999997
0.7629000000000001
0.4903999999999997
0.6069
0.5419
0.7478000000000002
0.14929999999999977
0.10830000000000028
0.9920999999999998
0.2873999999999999
0.1532
0.7532999999999999
0.762
0.8618000000000001
0.8059000000000003
0.36860000000000026
0.7526999999999999
0.8193999999999999
1.1517999999999997
1.0103999999999997
0.8940000000000001
0.6563000000000003
0.40049999999999963
0.18480000000000008
0.4925999999999999
0.25290000000000035
0.6564000000000001
0.02760000000000007
0.07160000000000011
0.014699999999999935
0.07129999999999992
0.7176999999999998
1.0067999999999997
0.07679999999999998
0.2147000000000001
0.21189999999999998
0.20789999999999997
1.0505999999999998
0.32120000000000015
0.7404999999999999
0.6238999999999999
0.6440999999999999
0.5255999999999998
0.19289999999999985
0.07059999999999977
0.10499999999999998
0.07469999999999999
0.12729999999999997
0.7605
0.3205
0.46179999999999977
0.8361999999999998
0.7193999999999998
0.7372999999999998
0.13390000000000013
0.6177999999999999
0.8280000000000003
0.7656999999999998
0.47730000000000006
0.03710000000000013
0.9077000000000002
0.5778000000000003
0.6309999999999998
0.27449999999999974
0.16459999999999964
0.11450000000000005
0.5771999999999999
0.39049999999999985
0.5298000000000003
0.4647999999999999
0.5049000000000001
0.6270000000000002
0.6701999999999999
0.08139999999999992
0.6973000000000003
0.7091000000000003
0.10130000000000017
0.7223999999999999
0.4288000000000003
0.4608000000000003
0.08540000000000036
0.6456
0.11209999999999987
0.8160000000000003
0.38560000000000016
0.44709999999999983
0.16020000000000012
0.20699999999999985
0.8679000000000001
1.3355000000000001
0.016100000000000225
0.03550000000000031
0.8628999999999998
0.8146999999999998
0.022399999999999753
0.5232000000000001
0.6748000000000003
0.02629999999999999
0.46740000000000004
0.2662
0.12359999999999971
0.2818999999999998
0.5238
0.4424000000000001
0.7969000000000004
0.24340000000000028
0.6356000000000002
0.7942999999999998
0.01770000000000005
0.9279000000000002
0.8193999999999999
0.8247999999999998
0.5387999999999997
1.0013
0.6705000000000001
0.3921000000000001
1.1249000000000002
0.9051999999999998
1.2397000000000005
0.8277000000000001
0.015000000000000124
0.33799999999999963
0.6208
0.3700000000000001
0.8853
0.23409999999999975
0.03290000000000015
0.8132999999999999
0.6991
0.4503999999999997
1.0231000000000003
0.3183
0.5087000000000002
0.1360999999999999
0.23360000000000003
0.4638
0.5137
0.3536999999999999
0.5493000000000001
0.4613999999999998
0.12590000000000012
0.5680000000000001
0.6012
0.5268999999999999
0.5537999999999998
0.013700000000000045
0.24319999999999986
0.31720000000000015
0.3501000000000003
0.6331000000000002
0.552
0.4259999999999997
0.7229000000000001
0.762
0.5007999999999999
0.6383999999999999
0.40200000000000014
0.6794000000000002
0.007100000000000106
0.5661
0.20799999999999974
0.09589999999999987
0.03980000000000006
0.07630000000000026
0.13339999999999996
0.4123999999999999
0.19310000000000027
0.025800000000000267
0.00890000000000013
0.03110000000000035
0.2790999999999997
0.038899999999999935
0.17070000000000007
0.22049999999999992
0.015099999999999891
0.5611999999999999
0.24409999999999998
0.37639999999999985
0.5802
0.41000000000000014
0.03670000000000018
0.011400000000000077
0.17609999999999992
0.017900000000000027
0.4439000000000002
0.09240000000000004
0.01750000000000007
0.0020999999999999908
0.022900000000000365
0.17120000000000024
0.5323000000000002
0.011200000000000099
0.1908000000000003
0.013299999999999867
0.5579000000000001
0.13229999999999986
0.11000000000000032
0.03100000000000014
0.6839
0.44030000000000014
0.024799999999999933
0.13009999999999966
0.08360000000000012
0.13500000000000023
0.22090000000000032
0.34509999999999996
0.19979999999999976
0.2751999999999999
0.39280000000000026
0.25639999999999974
0.28359999999999985
0.03270000000000017
0.04139999999999988
0.019300000000000317
0.006600000000000161
0.023100000000000342
0.2900999999999998
0.23720000000000008
0.4984000000000002
0.3708
0.26180000000000003
0.1477999999999997
0.21770000000000023
0.6297999999999999
0.4962
0.4516
0.17920000000000025
0.38580000000000014
0.24029999999999996
0.5433000000000003
0.4466999999999999
0.3826999999999998
0.6371000000000002
0.5497999999999998
0.011399999999999855
0.008500000000000174
0.008299999999999752
0.008399999999999963
0.010299999999999976
0.0259999999999998
0.6497000000000002
0.27520000000000033
0.5282999999999998
0.03080000000000016
0.011600000000000055
0.0038999999999997925
0.025599999999999845
0.010200000000000209
0.6041000000000003
0.6505000000000001
0.44110000000000005
0.24659999999999993
0.20350000000000001
0.5023
0.6647000000000003
0.045700000000000074
0.6794000000000002
0.5579999999999998
0.0501999999999998
0.15980000000000016
0.5541
0.11030000000000006
0.11929999999999996
0.5448999999999997
0.38569999999999993
0.0028999999999999027
0.01529999999999987
0.3557999999999999
0.026299999999999768
0.16359999999999975
0.10720000000000018
0.4687000000000001
0.18640000000000034
0.3864000000000001
0.2817000000000003
0.17589999999999995
0.20740000000000025
0.3440000000000003
0.03810000000000002
0.1903999999999999
0.13629999999999987
0.2625000000000002
0.16430000000000033
0.26900000000000013
0.7016999999999998
0.536
0.32179999999999986
0.28970000000000007
0.038799999999999724
0.02429999999999999
0.03749999999999987
0.13939999999999975
0.11759999999999993
0.012599999999999945
0.019600000000000062
0.32289999999999974
0.020999999999999908
0.008199999999999985
0.02499999999999991
0.02080000000000015
0.011200000000000099
0.0032999999999998586
0.6198999999999999
0.027900000000000258
0.022299999999999986
0.010800000000000143
0.10999999999999988
0.018199999999999772
0.1589999999999998
0.6637
0.015800000000000036
0.33999999999999986
0.5894000000000004
0.6614000000000004
0.9648000000000003
0.6495000000000002
0.02259999999999973
0.5296000000000003
0.10279999999999978
0.5055000000000001
0.03510000000000035
0.023100000000000342
0.040300000000000225
0.6274000000000002
0.017199999999999882
0.24380000000000024
0.6661000000000001
0.28480000000000016
0.020099999999999785
0.010499999999999954
0.0524
0.010000000000000231
0.6516000000000002
0.01429999999999998
0.029300000000000104
0.019899999999999807
0.008999999999999897
0.028499999999999748
0.024799999999999933
0.7394000000000003
0.04610000000000003
0.048100000000000254
0.039699999999999847
0.3676999999999997
0.5483000000000002
0.8418000000000001
0.05420000000000025
0.7373000000000003
0.43530000000000024
0.4992000000000001
0.04599999999999982
0.37840000000000007
0.2445999999999997
0.4655
0.047499999999999876
0.0394000000000001
0.6848999999999998
0.7704
0.3456999999999999
0.2326999999999999
0.0490999999999997
0.40779999999999994
0.02939999999999987
0.6073
0.13960000000000017
0.14320000000000022
0.09189999999999987
0.3323999999999998
0.5573999999999999
0.24490000000000034
0.6010000000000004
0.011500000000000288
0.6000999999999999
0.02320000000000011
0.24070000000000036
0.04349999999999987
0.20640000000000036
0.08779999999999966
0.7018
0.355
0.00649999999999995
0.17989999999999995
0.4348000000000001
0.019400000000000084
0.6466000000000003
0.07910000000000039
0.03329999999999966
0.4474
0.6284999999999998
0.19559999999999977
0.1644000000000001
0.5215000000000001
0.7014
0.2974000000000001
0.24360000000000026
0.7130999999999998
0.04590000000000005
0.4011
0.3281999999999998
0.11319999999999997
0.4479000000000002
0.5111999999999997
0.508
0.07030000000000003
0.5630999999999999
0.052999999999999936
0.21700000000000008
0.7084999999999999
0.7139000000000002
0.5552000000000001
0.006599999999999717
0.26549999999999985
0.010600000000000165
0.010299999999999976
0.009200000000000097
0.016599999999999948
0.5287000000000002
0.011200000000000099
0.3474999999999997
0.2772999999999999
0.02770000000000028
0.06379999999999963
0.3624999999999998
0.4811000000000001
0.6010999999999997
0.6316999999999999
0.0250999999999999
0.3106
0.04159999999999986
0.10789999999999988
0.008899999999999686
0.09940000000000015
0.019000000000000128
0.34430000000000005
0.4129999999999998
0.09889999999999999
0.40329999999999977
0.1423000000000001
0.07180000000000009
0.06840000000000002
0.4153000000000002
0.47330000000000005
0.21259999999999968
0.3651
0.5630000000000002
0.020000000000000018
0.24529999999999985
0.5199999999999996
0.3389000000000002
0.8291
0.5401000000000002
0.7473999999999998
0.11339999999999995
0.14109999999999978
0.05500000000000016
0.3005
0.36149999999999993
0.06309999999999993
0.5396000000000001
0.010299999999999976
0.5598000000000001
0.12480000000000024
0.33440000000000003
0.6128
0.1755
0.29190000000000005
0.6093999999999999
0.06869999999999976
0.37219999999999986
0.20009999999999994
0.0479999999999996
0.09370000000000012
0.0383
0.21079999999999988
0.23470000000000013
0.05840000000000023
0.5267
0.3578999999999999
0.3190999999999997
0.3127
0.28980000000000006
0.0013999999999998458
0.021500000000000075
0.5085999999999999
0.006599999999999717
0.28889999999999993
0.03189999999999982
0.18660000000000032
0.48760000000000003
0.5987
0.5912999999999999
0.3908999999999998
0.4196
0.007899999999999796
0.025599999999999845
0.01650000000000018
0.24350000000000005
0.17189999999999994
0.3317999999999999
0.43199999999999994
0.5813000000000001
0.22109999999999985
0.039899999999999824
0.028000000000000025
0.31800000000000006
0.08650000000000002
0.24209999999999976
0.06840000000000002
0.011499999999999844
0.37440000000000007
0.056599999999999984
0.20900000000000007
0.4384000000000001
0.5406
0.6297000000000001
0.006900000000000128
0.0007999999999999119
0.006799999999999695
0.01200000000000001
0.36370000000000013
0.0754999999999999
0.5427999999999997
0.0019999999999997797
0.3629000000000002
0.3048000000000002
0.05859999999999976
0.020700000000000163
0.008099999999999996
0.4203000000000001
0.681
0.06910000000000016
0.017600000000000282
0.0045999999999999375
0.0015999999999998238
0.1395000000000004
0.017599999999999838
0.014399999999999746
0.1785000000000001
0.005299999999999638
0.0049000000000001265
0.08919999999999995
0.008100000000000218
0.5629
0.01770000000000005
0.3651
0.006699999999999928
0.01130000000000031
0.06889999999999974
0.24219999999999997
0.21609999999999996
0.5678999999999998
0.4910000000000001
0.5886
0.4317000000000002
0.10119999999999996
0.3623999999999996
0.7032000000000003
0.028299999999999992
0.2801999999999998
0.18049999999999988
0.6947000000000001
0.2254999999999998
0.7229000000000001
0.6966000000000001
0.5766
0.35409999999999986
0.09219999999999962
0.48429999999999973
0.46399999999999997
0.11780000000000035
0.25340000000000007
0.013099999999999667
0.32699999999999996
0.4430999999999998
0.27449999999999974
0.0037000000000002586
0.3805999999999998
0.43869999999999987
0.15770000000000017
0.32030000000000003
0.49219999999999997
0.528
0.3929999999999998
0.41149999999999975
0.4918
0.5154999999999998
0.13890000000000002
0.01540000000000008
0.02750000000000008
0.0039000000000002366
0.4569000000000001
0.3809999999999998
0.5355000000000003
0.13500000000000023
0.29910000000000014
0.37760000000000016
0.22120000000000006
0.38969999999999994
0.03499999999999992
0.2587999999999999
0.45500000000000007
0.5640999999999998
0.051899999999999835
0.2376999999999998
0.13070000000000004
0.39049999999999985
0.41910000000000025
0.5667
0.2096
0.5789
0.5238
0.24840000000000018
0.4062000000000001
0.0041999999999999815
0.03669999999999973
0.6461999999999999
0.2944
0.21650000000000036
0.00770000000000004
0.46519999999999984
0.3911000000000002
0.3878999999999997
0.41320000000000023
0.028999999999999915
0.5701
0.3004000000000002
0.2057
0.42210000000000036
0.5289000000000001
0.4643999999999999
0.06610000000000005
0.5385
0.3439000000000001
0.35740000000000016
0.2056
0.4849000000000001
0.4496000000000002
0.20429999999999993
0.5004
0.0754999999999999
0.20040000000000013
0.1806000000000001
0.1155999999999997
0.04919999999999991
0.19399999999999995
0.37729999999999997
0.5103
0.5604
0.4112999999999998
0.16809999999999992
0.25970000000000004
0.29259999999999975
0.12860000000000005
0.2232000000000003
0.23529999999999962
0.1790999999999996
0.43489999999999984
0.24590000000000023
0.056599999999999984
0.15579999999999972
0.49829999999999997
0.1501999999999999
0.0016000000000002679
0.016799999999999926
0.0343
0.023399999999999643
0.014100000000000001
0.09010000000000007
0.08820000000000006
0.14029999999999987
0.002200000000000202
0.0015999999999998238
0.0013000000000000789
0.01709999999999967
0.03190000000000026
0.012599999999999945
0.1694
0.3334999999999999
0.13960000000000017
0.033299999999999885
0.07610000000000028
0.0693999999999999
0.5647000000000002
0.0036999999999998145
0.6088999999999998
0.5034999999999998
0.007699999999999818
0.013799999999999812
0.5483000000000002
0.008599999999999941
0.010299999999999976
0.005600000000000271
0.03169999999999984
0.016000000000000014
0.1600999999999999
0.5266000000000002
0.2997000000000001
0.008399999999999963
0.09579999999999966
0.27070000000000016
0.06430000000000025
0.021999999999999797
0.02839999999999998
0.2022999999999997
0.5327999999999999
0.5047999999999999
0.5802
0.5362
0.004699999999999704
0.45100000000000007
0.011200000000000099
0.11690000000000023
0.006400000000000183
0.0354000000000001
0.0230999999999999
0.06610000000000005
0.004400000000000404
0.013900000000000023
0.006899999999999906
0.10429999999999984
0.01849999999999996
0.029199999999999893
0.02980000000000027
0.6164000000000001
0.8443
0.019400000000000084
0.9213999999999998
0.7959
0.42500000000000027
0.20020000000000016
0.44049999999999967
0.5003000000000002
0.3275000000000001
0.18199999999999994
0.6358000000000001
0.6379000000000001
0.6762000000000001
0.5145999999999997
0.4596999999999998
0.5267
0.5484
0.6051000000000002
0.05600000000000005
0.6217999999999999
0.8096000000000001
0.19709999999999983
0.09149999999999991
0.16979999999999995
0.16659999999999986
0.4887999999999999
0.29959999999999987
0.48309999999999986
0.4889000000000001
0.15759999999999996
0.1166999999999998
0.021399999999999864
0.7758999999999996
0.05250000000000021
0.13050000000000006
0.8527999999999998
0.5268000000000002
0.8195999999999999
0.41049999999999986
0.30459999999999976
0.022699999999999942
0.6385000000000001
0.48870000000000013
0.4708000000000001
0.23740000000000006
0.5838000000000001
0.40700000000000003
0.5236000000000001
0.8051000000000004
0.48099999999999987
0.30459999999999976
1.0570999999999997
0.46340000000000003
0.4678
0.5082000000000004
0.9927000000000001
0.8886000000000003
0.8163
0.44419999999999993
1.0192999999999999
1.0951
0.9278000000000004
0.1549999999999998
1.1878999999999995
0.8811
0.8986000000000001
0.9537
0.7839999999999998
0.8799000000000001
0.5114999999999998
0.40490000000000004
0.8299000000000003
0.4338000000000002
1.2057000000000002
1.0605000000000002
0.6668000000000003
1.0541
1.0149
0.2347999999999999
0.9887000000000001
0.8566000000000003
1.0356999999999998
0.8471000000000002
0.8443
1.3039999999999998
0.7054999999999998
0.8832999999999998
0.9906999999999999
1.0255
0.8997999999999999
1.0405000000000002
0.4716
0.9283000000000001
0.5535999999999999
0.9866999999999999
0.8601999999999999
0.8761000000000001
0.9156
1.2142
0.8757999999999999
0.9297
1.2723999999999998
0.9333
0.8123999999999998
0.9045000000000001
1.2342999999999997
1.1627999999999998
0.9980000000000002
1.2853000000000003
0.1894
1.3376000000000001
0.05879999999999974
1.0768
0.9645999999999999
0.16069999999999984
0.10519999999999996
1.0932999999999997
0.855
0.9276
1.2199999999999998
1.0834000000000001
1.0271
0.039200000000000124
0.02400000000000002
0.22849999999999993
0.005300000000000082
0.034600000000000186
0.007899999999999796
0.04760000000000009
0.1397999999999997
0.09169999999999989
0.03180000000000005
0.016300000000000203
0.04759999999999964
0.01289999999999969
0.38370000000000015
0.03489999999999993
0.039699999999999847
0.03500000000000014
0.5175000000000001
0.39759999999999973
0.10360000000000014
0.007400000000000073
0.04620000000000024
0.20719999999999983
0.4285000000000001
0.5301
0.35150000000000015
0.3177000000000003
0.6207000000000003
0.2410000000000001
0.4094000000000002
0.17000000000000037
0.5697999999999999
0.050799999999999734
0.21649999999999991
0.4981
0.07220000000000004
0.19699999999999962
0.15090000000000003
0.5694000000000004
0.3113999999999999
0.5117000000000003
0.6552000000000002
0.5952999999999999
0.03990000000000027
0.010099999999999998
0.4407000000000001
0.4980000000000002
0.2838000000000003
0.23110000000000008
0.3832
0.6712000000000002
0.5575999999999999
0.39769999999999994
0.7355
0.40969999999999995
0.08519999999999994
0.8893999999999997
0.1955
0.6046
0.44520000000000026
0.5936000000000003
0.6315
0.3567
0.7612000000000001
0.7307000000000001
0.46750000000000025
0.16089999999999982
0.5365000000000002
0.5925000000000002
0.6496999999999997
0.8588
0.7864
0.7794000000000003
0.3195000000000001
0.43889999999999985
0.4624999999999999
0.09909999999999997
0.37729999999999997
0.6460000000000004
0.5145000000000004
0.5074000000000001
0.8902999999999999
0.8142
0.6097999999999999
0.5553999999999997
0.5324
0.6569000000000003
0.9690000000000003
0.5684999999999998
0.5010999999999997
0.4855999999999998
0.33260000000000023
0.36739999999999995
1.1099999999999999
0.9220000000000006
0.5417999999999998
1.1822000000000004
0.9308999999999998
1.2069999999999999
0.8842000000000003
0.47129999999999983
0.8619000000000003
0.7465999999999999
0.8134000000000001
0.3628999999999998
1.0705000000000005
0.4317000000000002
0.8090000000000002
0.4493999999999998
1.2811000000000003
1.0131999999999999
1.2060999999999997
0.5114000000000001
0.7387999999999999
0.6354000000000002
0.8527
0.7099000000000002
0.7990000000000004
0.9139999999999997
0.7627000000000002
1.0685000000000002
0.9372000000000003
0.6006999999999998
0.5388999999999999
1.2374
0.6476999999999999
0.9956999999999998
0.34109999999999996
0.6238000000000001
1.0267
0.9270999999999998
0.9922999999999997
1.1439000000000004
1.1041000000000003
0.7432000000000003
1.2290999999999999
0.9428000000000001
1.0625
1.0213999999999999
0.9869000000000003
0.6194999999999999
0.7627999999999999
1.2332999999999998
0.7666
1.0456000000000003
1.0450999999999997
0.8748
0.9946999999999999
0.6062000000000003
0.9088000000000003
0.7637
1.0776000000000003
0.8971999999999998
0.9957000000000003
1.1739999999999995
0.6903000000000001
0.9198
1.0516999999999999
0.9226000000000001
0.9403999999999999
0.8741000000000003
0.6884999999999999
0.4953000000000003
1.2155
1.2153000000000005
1.2312000000000003
1.0204
0.9561000000000002
1.0070999999999999
0.9154999999999998
0.8163999999999998
0.9642
0.8125999999999998
1.0109999999999997
0.8005
0.6087000000000002
1.0322999999999998
1.1518000000000002
0.6294
0.6191
0.5476000000000001
0.6324999999999998
1.1387999999999994
0.7646999999999999
0.5947
0.7159
0.9956999999999998
0.9079999999999999
1.2866
1.1351
1.0726999999999998
1.1986999999999997
1.0346000000000002
0.7597
1.1278000000000001
0.5399000000000003
0.5632999999999999
0.4093
0.7199
1.0573000000000001
1.3176999999999999
1.0201000000000002
1.0854999999999997
1.3130999999999995
0.7560000000000002
0.6307
0.9299
0.9981
0.9253
0.9525000000000001
0.9624999999999999
0.9900000000000002
1.3028000000000004
0.7778999999999998
1.4013000000000004
0.6682999999999999
0.8558000000000003
0.8730000000000002
0.04520000000000035
0.5105
0.16979999999999995
0.2211000000000003
0.0939000000000001
0.43979999999999997
0.39559999999999995
0.4165000000000001
0.5935000000000001
0.10999999999999988
0.00890000000000013
0.023800000000000043
0.35770000000000035
0.5076999999999998
0.03699999999999992
0.01200000000000001
0.11900000000000022
0.12549999999999972
0.5157000000000003
0.7652999999999999
0.4018999999999999
0.6877
0.16389999999999993
0.08299999999999974
0.5154000000000001
0.7610999999999999
0.6691000000000003
0.5381
0.04129999999999967
0.21789999999999976
0.5921000000000003
0.4708000000000001
0.24580000000000002
0.5573999999999999
0.06199999999999983
0.6553999999999998
0.5943
0.5758000000000001
0.48439999999999994
0.1788000000000003
0.5242
0.5674000000000001
0.6590000000000003
0.5113999999999996
0.09579999999999966
0.1753
0.09960000000000013
0.9756
0.7717
0.8959000000000001
0.8525
0.29000000000000004
0.3416999999999999
0.7483
0.44799999999999995
0.496
0.5446
0.21760000000000002
0.11470000000000002
0.15200000000000014
0.4523999999999999
0.42330000000000023
0.8502000000000001
0.5489999999999999
0.7661000000000002
1.0469
0.8737999999999997
0.4953000000000003
0.0047000000000001485
0.0049000000000001265
0.18100000000000005
0.8533999999999997
0.2461000000000002
0.6120000000000001
0.8254999999999999
0.6346999999999996
0.815
0.7041999999999997
0.6549
0.17810000000000015
0.6517
0.3921999999999999
0.04859999999999998
0.6014999999999997
0.9344999999999999
0.6712000000000002
0.7734000000000001
0.3504999999999998
0.01289999999999969
0.5474000000000001
0.19989999999999997
0.08680000000000021
0.2265999999999999
0.31240000000000023
0.4041999999999999
0.565
0.08179999999999987
0.12979999999999992
0.19799999999999995
0.013500000000000068
0.1633
0.2650999999999999
0.5341999999999998
0.6571000000000002
0.4039999999999999
0.6701000000000001
0.07200000000000006
0.32410000000000005
0.16320000000000023
0.1288999999999998
0.7441999999999998
0.9064000000000001
0.2120000000000002
0.1983999999999999
0.8868
0.6709
0.018100000000000005
0.5996999999999999
0.3919999999999999
0.8108
0.7749000000000001
0.7120000000000002
0.6360999999999999
0.8085
0.4267999999999996
0.7010999999999998
0.9380999999999999
0.7166999999999999
0.7864999999999998
0.9390999999999998
0.7503
0.9074999999999998
0.3101999999999996
0.7738999999999998
0.21830000000000016
0.7214999999999998
0.5657000000000001
0.38169999999999993
0.4114
0.7972999999999999
0.5305
0.8540999999999999
0.6598000000000002
0.3912
0.05879999999999974
0.9613999999999998
0.6071
0.6894999999999998
0.9613
0.7674000000000003
0.6364999999999998
0.9855
0.01059999999999972
0.9986000000000002
0.23850000000000016
0.047800000000000065
0.8393999999999999
0.5123000000000002
0.10909999999999975
0.29990000000000006
0.14380000000000015
0.6449000000000003
0.6779000000000002
0.6082000000000001
0.887
0.6443999999999996
0.3607
0.6475
0.3822000000000001
0.7517
0.8216000000000001
0.8025000000000002
0.8819000000000004
0.7978000000000001
0.3089000000000002
0.10099999999999998
0.9268000000000001
0.017400000000000304
0.6200000000000001
0.47520000000000007
0.5251000000000001
0.5382000000000002
0.5903999999999998
0.20469999999999988
0.3147000000000002
0.29969999999999963
0.06109999999999971
0.014499999999999957
0.8009999999999997
0.0766
0.042100000000000026
0.23280000000000012
0.15280000000000005
0.5552999999999999
0.28990000000000027
0.03529999999999989
0.5055000000000001
0.7880000000000003
0.02729999999999988
0.927
0.28200000000000003
0.28000000000000025
0.045500000000000096
0.9464999999999999
0.6946999999999997
0.9400000000000004
0.4062999999999999
0.9193000000000002
1.0064000000000002
1.0463
0.7603
1.0577999999999999
0.6528
1.0488
0.13750000000000018
0.3149000000000002
0.8797000000000001
0.5851000000000002
0.5273999999999996
0.18710000000000004
0.9828000000000001
0.7288999999999999
0.9708000000000001
0.9218999999999999
1.0538000000000003
0.7339000000000002
1.0457
0.492
0.16860000000000008
1.0758999999999999
0.04859999999999998
0.6920999999999999
0.8890000000000002
1.0699999999999998
0.07279999999999998
0.9340999999999999
0.13270000000000026
0.4085000000000001
0.9234999999999998
0.8010000000000002
0.6156000000000001
0.3050999999999999
0.7113
1.0331000000000001
0.6537999999999999
1.0347
1.154
1.3125999999999998
0.1395000000000004
0.03710000000000013
0.012799999999999923
0.11680000000000001
0.9417999999999997
0.0972000000000004
0.4328999999999996
0.9058000000000002
1.1185
0.7664
0.5086000000000004
0.47950000000000026
0.5249999999999999
0.45020000000000016
0.6286
0.8363999999999998
0.6545000000000001
0.41910000000000025
0.923
0.4939999999999998
0.7466999999999997
1.0861
0.21499999999999986
1.1076000000000001
0.4492999999999996
1.036
0.9603999999999999
0.7311000000000001
0.3695999999999997
1.0012000000000003
1.0821999999999998
0.9621
0.653
1.1156000000000001
1.0320999999999998
0.25749999999999984
1.0581
0.5617000000000001
1.1295000000000002
0.8262
1.1444999999999999
1.1677
1.1387
1.0796000000000001
0.8266
0.9108
0.8661999999999996
0.7998999999999996
0.8475000000000001
0.6818999999999997
0.4634999999999998
0.6316999999999999
0.8471000000000002
0.010900000000000354
0.9170000000000003
0.5125999999999997
0.9754999999999998
0.8948
0.03249999999999975
0.7719999999999998
0.8130000000000002
0.6046
0.19769999999999976
0.8282000000000003
1.0027
0.9286000000000003
0.9164999999999996
0.17559999999999976
0.7102999999999997
0.4263000000000001
0.9897
0.6335999999999999
0.7158000000000002
0.9411999999999998
0.9401999999999999
0.28800000000000003
0.7242999999999999
0.14019999999999966
0.034399999999999986
0.43789999999999996
0.4315000000000002
0.9577
0.0019000000000000128
0.4293
0.09800000000000031
0.9173
0.7713999999999999
0.6386000000000003
0.4315000000000002
0.8999999999999999
0.9634
0.5303
0.9019999999999997
0.006299999999999972
0.14239999999999986
0.36830000000000007
0.14550000000000018
0.7313999999999998
0.7282000000000002
0.8572000000000002
0.05699999999999994
0.8796999999999997
0.30390000000000006
0.0935999999999999
0.9493999999999998
0.8752999999999997
0.5307
0.27780000000000005
0.5344000000000002
0.3280000000000003
0.9885000000000002
0.7765999999999997
0.9436
0.0855999999999999
0.03810000000000002
0.7010000000000001
0.7005999999999997
0.16310000000000002
0.8205999999999998
0.8952
0.7496999999999998
0.013900000000000023
0.47050000000000036
0.15569999999999995
0.2841999999999998
0.9765999999999999
0.9645999999999999
0.1654
0.11789999999999967
0.08319999999999972
0.47060000000000013
0.25299999999999967
0.8022999999999998
0.5941000000000001
0.9728000000000003
0.5897000000000001
1.0063
1.0377999999999998
1.1221999999999999
0.9122999999999997
1.1555
0.7244999999999999
0.05999999999999961
0.4982000000000002
0.9948999999999999
1.1324999999999998
1.0516
0.5596000000000001
0.7640000000000002
0.8167
0.3369
0.4051
0.9168000000000003
0.9456000000000002
0.9463999999999997
0.9929999999999999
0.8412000000000002
0.79
0.6622999999999997
0.7974000000000001
1.0638
1.0033000000000003
1.1865
0.9685999999999999
1.0824000000000003
0.5103
0.9196000000000004
0.6713
0.4655999999999998
1.0150000000000001
0.9584999999999999
1.0442
0.9293999999999998
0.8305000000000002
0.5614999999999997
0.9312
1.1201999999999996
1.0632000000000001
0.4901
0.056700000000000195
0.6039999999999996
0.9507999999999996
0.5145
0.6093000000000002
1.0576999999999996
0.9213999999999998
0.9060999999999999
0.9237000000000002
0.6995999999999998
0.8494999999999999
1.0059
1.0186000000000002
0.5
0.9900000000000002
0.8067000000000002
0.9840999999999998
0.8275000000000001
0.09829999999999994
0.45310000000000006
0.0016000000000000458
0.30290000000000017
0.38660000000000005
0.10329999999999995
0.24109999999999987
0.14640000000000009
0.14619999999999989
0.03929999999999989
0.3601000000000001
0.1189
0.08190000000000008
0.3642000000000001
0.23309999999999986
0.09289999999999976
0.352
0.5947
0.14800000000000013
0.40870000000000006
0.47540000000000004
0.012499999999999956
0.049100000000000144
0.5112000000000001
0.053400000000000336
0.36129999999999995
0.3129999999999997
0.3860999999999999
0.2770999999999999
0.5242
0.1999000000000002
0.573
0.4772000000000003
0.6309999999999998
0.12199999999999989
0.09120000000000017
0.015099999999999891
0.6480999999999999
0.15689999999999982
0.02750000000000008
0.32010000000000005
0.23819999999999997
0.02320000000000011
0.018299999999999983
0.07509999999999994
0.10959999999999992
0.24659999999999993
0.4946999999999999
0.2895000000000003
0.278
0.5131999999999999
0.35340000000000016
0.5523000000000002
0.5756000000000001
0.48740000000000006
0.20340000000000003
0.3681000000000001
0.2780999999999998
0.5078999999999998
0.4333999999999998
0.4442000000000004
0.5202
0.4531999999999998
0.5228999999999999
0.5562
0.6804999999999999
0.7561
0.41270000000000007
0.6823999999999999
0.6324000000000001
0.5476000000000001
0.613
0.15829999999999966
0.6489000000000003
0.7531000000000003
0.005700000000000038
0.5655000000000001
0.27049999999999974
0.3286000000000002
0.19479999999999986
0.6257999999999999
0.44789999999999974
0.08349999999999991
0.07739999999999991
0.05259999999999998
0.27980000000000027
0.5209000000000001
0.6330999999999998
0.4283999999999999
0.6193
0.1915
1.0023
0.05410000000000004
0.3846999999999996
0.6853000000000002
0.8702000000000001
0.24639999999999995
0.05210000000000026
0.058800000000000185
0.24540000000000006
0.28390000000000004
0.2892000000000001
0.03639999999999999
0.02839999999999998
0.11629999999999985
0.21550000000000002
0.15910000000000002
0.4215
0.3317999999999999
0.3777999999999999
0.2721
0.7562000000000002
0.4417
0.3426999999999998
0.9851000000000001
0.6322000000000001
0.9912000000000001
0.5046000000000004
1.3209000000000004
1.0741999999999994
1.1511
0.7856999999999998
0.782
1.3324999999999996
0.9535999999999998
0.9106999999999998
0.8441000000000001
0.8091999999999997
1.3283
1.2184
1.5684999999999998
0.9083000000000001
0.8513000000000002
1.1728999999999998
1.2675
1.2735999999999996
1.2537999999999996
0.7844000000000002
0.8569
0.9343999999999997
0.8832
1.3866
1.0871
0.9262000000000001
1.1879
1.0818999999999996
1.2245
0.45459999999999967
1.4632999999999998
0.8694999999999999
1.1700999999999997
1.3905999999999996
0.6753
0.8628
0.35989999999999966
0.6844000000000001
0.8372000000000002
0.5627
0.8485
0.7227000000000001
0.8081999999999998
0.6101999999999999
0.060799999999999965
0.08000000000000007
0.8765999999999998
0.38470000000000004
0.8752999999999997
0.47479999999999967
0.6531000000000002
0.47150000000000025
0.8483999999999998
0.17209999999999992
0.49029999999999996
0.9106000000000001
0.46819999999999995
0.6987000000000001
0.44589999999999996
0.9245000000000001
0.7677
0.1323000000000003
0.4218000000000002
0.7498999999999998
0.3600000000000003
0.20989999999999975
0.5375999999999999
0.9247999999999998
0.7504000000000004
1.0337
0.5558000000000001
0.042300000000000004
0.23219999999999974
0.40669999999999984
0.7160000000000002
0.08069999999999977
0.6612
0.7330999999999999
0.06919999999999993
0.1572
0.6119999999999997
0.8626
0.4133
0.40580000000000016
0.6682000000000001
0.0129999999999999
0.049900000000000055
0.6166999999999998
0.6280999999999999
0.03529999999999989
0.012799999999999923
0.5492999999999997
0.6438999999999999
0.5307
0.0783999999999998
0.47140000000000004
0.9123000000000001
0.4373
0.19779999999999998
0.8771
0.14270000000000005
0.6164999999999998
0.6528
0.5958999999999999
0.01540000000000008
0.01969999999999983
0.9091
0.7103999999999999
0.4790000000000001
0.8799999999999999
0.8674000000000004
0.7218
0.4556
0.3534999999999999
0.38969999999999994
0.15710000000000024
0.3762000000000003
0.04809999999999981
0.4394
0.7221000000000002
0.07769999999999966
0.2702
0.5194999999999999
0.33799999999999963
0.8319999999999999
0.5683000000000002
0.4108999999999998
0.4158999999999997
0.21760000000000002
0.7607000000000004
0.7401999999999997
0.11229999999999984
0.38680000000000003
1.1522000000000001
0.4638
0.4636
0.9746999999999999
1.1191999999999998
0.1629999999999998
0.6593
0.718
0.19630000000000036
0.1503000000000001
1.0369000000000002
0.5043000000000002
0.46740000000000004
0.07939999999999992
0.29349999999999987
0.49060000000000015
0.5899000000000001
1.0137999999999998
0.8325
0.32299999999999995
0.5678000000000001
0.7631999999999999
0.4956999999999998
0.8175000000000003
0.6052
0.37449999999999983
0.7509000000000001
0.1261000000000001
0.11520000000000019
0.10429999999999984
0.009500000000000064
0.47860000000000014
0.18950000000000022
0.14690000000000003
0.41979999999999995
0.4554
0.4023000000000003
0.5175999999999998
0.5602999999999998
0.5044
0.5178000000000003
0.42259999999999964
0.9689000000000001
0.7074000000000003
1.1002999999999998
0.8592999999999997
0.4207000000000001
0.6461000000000001
1.0713
1.0086999999999997
0.26649999999999974
0.6077000000000004
0.3820000000000001
0.8221000000000003
0.9289000000000001
1.0581000000000005
0.6972999999999998
1.1144999999999996
0.7628999999999997
0.7063000000000001
0.1835
0.6482999999999999
0.9470000000000001
0.43579999999999997
0.22239999999999993
0.512
0.6536
0.6193000000000002
1.0848
1.0541
0.8671000000000002
0.23459999999999992
0.9197000000000002
1.3635000000000002
0.39190000000000014
0.6459999999999999
0.4428000000000001
0.4144000000000001
0.6295000000000002
0.5442999999999998
0.40900000000000025
1.0434999999999999
0.09119999999999973
0.9144999999999999
0.8811999999999998
0.6711
0.8792
0.5814999999999997
0.9739
0.8688000000000002
0.6947000000000001
0.8614999999999999
0.7081
1.1008000000000004
0.10370000000000035
0.12460000000000004
0.23519999999999985
0.15549999999999997
0.1600999999999999
0.3835000000000002
0.2570000000000001
0.23980000000000024
0.11419999999999986
0.0246000000000004
0.1817000000000002
1.1139000000000001
0.7345999999999999
0.3605999999999998
0.02159999999999984
0.42589999999999995
0.3373000000000004
0.5367999999999999
0.03980000000000006
0.6949000000000001
0.3285
0.5056000000000003
1.1242
1.3013999999999997
0.6086999999999998
0.49049999999999994
1.2684000000000002
0.7313000000000001
0.6638999999999999
0.19629999999999992
0.5303
0.9855999999999998
1.1503
0.34230000000000027
0.07140000000000013
0.5744000000000002
0.38850000000000007
1.0939
1.0073000000000003
0.21579999999999977
0.8376000000000001
0.3005
0.6909999999999998
0.6827000000000001
0.7123999999999997
0.9015999999999997
1.0051
0.9200000000000004
1.0404999999999998
0.8896999999999999
0.4828000000000001
0.24770000000000003
0.14460000000000006
0.017600000000000282
0.39369999999999994
0.27859999999999996
0.5325000000000002
0.3496999999999999
0.14370000000000038
0.04369999999999985
0.7738
0.21870000000000012
1.1309
0.5261
0.7696999999999998
0.5551999999999997
1.1304000000000003
0.5261999999999998
0.3393999999999999
0.3155999999999999
0.1783999999999999
1.1324
0.6294
0.15119999999999978
0.9037999999999999
1.1219999999999999
0.5111999999999997
0.8215000000000003
0.12850000000000028
0.6683999999999997
0.1564000000000001
0.07040000000000024
0.04459999999999997
0.5718999999999999
0.9217000000000004
0.29239999999999977
1.1430999999999996
1.3485
0.6256999999999997
0.2732999999999999
0.019000000000000128
0.7928999999999999
0.3138000000000001
0.8830999999999998
0.5457000000000001
0.6873999999999998
0.7472999999999996
0.7164999999999999
1.0657999999999999
0.19229999999999992
0.14890000000000025
0.2803
0.9544000000000001
0.8877000000000002
1.0128
0.6230000000000002
0.6773000000000002
0.13429999999999964
0.11970000000000036
0.4918
0.021300000000000097
0.7292000000000001
0.011800000000000033
0.6832000000000003
0.027800000000000047
0.9295999999999998
1.0322999999999998
0.02330000000000032
0.019600000000000062
0.041100000000000136
0.3407
0.6991999999999998
0.6917
0.1372
1.2146
0.9066000000000001
0.9731999999999998
0.7942999999999998
1.1259000000000006
0.137
0.5411000000000001
0.6883999999999997
0.6908999999999996
1.1567999999999996
0.2474000000000003
1.2163000000000004
1.2410999999999999
0.6396999999999999
0.6631
0.3059000000000003
1.1005000000000003
0.41670000000000007
0.39819999999999967
0.6019000000000001
0.5514000000000001
0.2845
0.7911000000000001
0.5905999999999998
0.9981
0.6678999999999999
0.5304000000000002
0.4777
0.7345999999999999
0.7554000000000003
0.7772000000000001
0.9933000000000001
0.347
0.8332999999999999
1.0367000000000002
0.8083
0.6941999999999999
0.6873
0.6421000000000001
0.49540000000000006
0.9451999999999998
0.2704
0.24960000000000004
0.37570000000000014
0.6385000000000001
0.7961999999999998
0.3694000000000002
0.6688000000000001
0.8393999999999999
0.2549000000000001
0.4852999999999996
0.9441999999999999
0.6534
1.0059999999999998
0.5310999999999999
0.7599
0.0737000000000001
0.3508
0.7025000000000001
0.9327999999999999
0.7056999999999998
0.5025
0.7357
0.7294
0.2801
0.33219999999999983
0.9979999999999998
0.7161999999999997
0.6212
1.1262000000000003
0.9164000000000003
0.8573
1.2541999999999995
0.8476000000000004
0.7880000000000003
1.1961
0.8239999999999998
0.28710000000000013
0.395
0.5055999999999998
0.8439000000000001
0.8525000000000005
0.6566000000000001
1.0778000000000003
0.9998999999999998
1.1281000000000003
1.3014999999999999
0.9546999999999999
0.6606000000000001
0.9960999999999998
0.17410000000000014
0.5196999999999998
0.6017000000000001
0.5543
0.33830000000000027
0.6789999999999998
0.31279999999999974
0.6139000000000001
0.46620000000000017
0.5981999999999998
0.2467999999999999
0.6417000000000002
0.43610000000000015
0.009799999999999809
0.46809999999999974
0.7248999999999999
0.8005999999999998
0.6896
1.2744
0.043299999999999894
0.5965000000000003
0.47609999999999975
0.5712000000000002
0.8924000000000003
0.42979999999999974
0.24719999999999986
0.7821000000000002
0.1806000000000001
0.16929999999999978
0.7301000000000002
0.5800999999999998
0.06040000000000001
0.1301000000000001
0.28770000000000007
0.08519999999999994
0.5998999999999999
0.23340000000000005
0.7963
0.5792999999999999
0.3952
0.5848999999999998
0.5335999999999999
0.8031000000000001
0.6778
0.3809
0.6429
0.9445999999999999
0.6907999999999999
0.6745000000000001
0.03569999999999984
0.6625000000000001
0.06279999999999974
0.27920000000000034
0.6515
0.6919
0.5984000000000003
0.3402000000000003
0.3915000000000002
0.5556999999999999
0.6829999999999998
0.7614999999999998
0.07860000000000023
0.5648999999999997
0.00790000000000024
0.20220000000000038
0.16900000000000004
0.12539999999999996
0.5836999999999999
0.02770000000000028
0.0411999999999999
0.03520000000000012
0.009000000000000341
0.3250000000000002
0.5773999999999999
0.379
0.5470999999999999
0.2197
0.6087000000000002
0.6208
0.05669999999999975
0.6454
0.6058000000000003
0.38649999999999984
0.6295999999999999
0.4759000000000002
0.6949000000000001
0.4171
0.20230000000000015
0.051000000000000156
0.023299999999999876
0.5072000000000001
0.007600000000000051
0.0036000000000000476
0.4700000000000002
0.40549999999999997
0.40969999999999995
0.0354000000000001
0.03810000000000002
0.3825999999999996
0.05929999999999991
0.5004
0.4874999999999998
0.3096000000000001
0.25550000000000006
0.005800000000000249
0.5760999999999998
0.4445999999999999
0.10230000000000006
0.037599999999999856
0.31789999999999985
0.45100000000000007
0.00990000000000002
0.0259999999999998
0.01880000000000015
0.8127
0.5192999999999999
0.10789999999999988
0.8204999999999996
0.7556000000000003
0.6036000000000001
0.21879999999999988
0.3294999999999999
0.6947999999999999
0.07920000000000016
0.19959999999999978
0.015100000000000335
0.6599999999999997
0.6092
0.4310999999999998
0.2262000000000004
0.31769999999999987
0.008500000000000174
0.10309999999999997
0.061799999999999855
0.33950000000000014
0.6351999999999998
0.4934000000000003
0.04019999999999957
0.40759999999999996
0.5618000000000003
0.17220000000000013
0.30820000000000025
0.36339999999999995
0.7404000000000002
0.30420000000000025
0.021299999999999653
0.20299999999999985
0.25139999999999985
0.6561999999999997
0.0235000000000003
0.016599999999999948
0.6359000000000004
0.5333999999999999
0.5701999999999998
0.37939999999999996
0.15730000000000022
0.6061000000000001
0.43199999999999994
0.6337000000000002
0.6297000000000001
0.6397999999999997
0.42479999999999984
0.6429
0.28100000000000014
0.030100000000000016
0.43579999999999997
0.18799999999999972
0.2549000000000001
0.01440000000000019
0.4040999999999997
0.07030000000000003
0.6400000000000001
0.08020000000000005
0.4846999999999997
0.4396
0.6994000000000002
0.14539999999999997
0.5815999999999999
0.22199999999999998
0.556
0.041300000000000114
0.4551000000000003
0.3443999999999998
0.4376000000000002
0.49529999999999985
0.06289999999999996
0.2549000000000001
0.18579999999999997
0.6055999999999999
0.05520000000000014
0.10709999999999997
0.19230000000000036
0.7018
0.5928
0.49960000000000004
0.1926000000000001
0.013399999999999856
0.0383
0.5996000000000001
0.02499999999999991
0.6196999999999999
0.05920000000000014
0.03630000000000022
0.4485000000000001
0.6328
0.11839999999999984
0.03180000000000005
0.5874999999999999
0.18630000000000013
0.16420000000000012
0.34529999999999994
0.22350000000000003
0.6936
0.8786
0.0495000000000001
0.012599999999999945
0.1069
0.36099999999999977
0.26869999999999994
0.5095000000000001
0.4892000000000003
0.3469000000000002
0.1251000000000002
0.5248000000000004
0.01750000000000007
0.006899999999999906
0.3336999999999999
0.1576000000000004
0.009999999999999787
0.5124
0.2801999999999998
0.6326999999999998
0.6408
0.1741999999999999
0.12650000000000006
0.6406000000000001
0.6326999999999998
0.6318000000000001
0.5358999999999998
0.6267
0.007500000000000284
0.11819999999999986
0.4416000000000002
0.020000000000000018
0.006899999999999906
0.20900000000000007
0.6273000000000004
0.12509999999999977
0.06999999999999984
0.08599999999999985
0.6061000000000001
0.08650000000000002
0.1701999999999999
0.4537
0.16779999999999973
0.1269
0.3734000000000002
0.19289999999999985
0.09209999999999985
0.41270000000000007
0.3230999999999997
0.23360000000000003
0.017300000000000093
0.39949999999999974
0.03300000000000036
0.5611000000000002
0.3144
0.6524000000000001
0.6877
0.5758000000000001
0.030299999999999994
0.03670000000000018
0.2610000000000001
0.5045999999999999
0.7925999999999997
0.9799000000000002
0.5478000000000001
1.0
1.1014
0.5909
0.7065999999999999
0.9297
0.1459999999999999
0.7947000000000002
0.9892999999999996
0.9578000000000002
0.7828999999999997
0.8378999999999999
0.5206999999999997
0.18930000000000025
0.7066000000000003
0.7390000000000003
0.8055000000000003
0.41890000000000027
0.8525999999999998
0.9274
0.9176000000000002
0.7709000000000001
0.7909000000000002
1.1284
0.7791000000000001
0.7177000000000002
0.9264999999999999
0.9618000000000002
0.8904000000000001
0.8001999999999998
0.1943999999999999
0.7046999999999999
0.6955999999999998
0.6705000000000001
0.7284999999999999
0.04459999999999997
0.19169999999999998
0.3384999999999998
0.0029000000000003467
0.6314000000000002
0.2648999999999999
0.032200000000000006
0.4121999999999999
0.029799999999999827
0.12139999999999995
0.1189
0.8117000000000001
0.19130000000000003
0.3525999999999998
0.3644000000000003
0.8157000000000001
0.1835
0.8099999999999996
0.41889999999999983
0.8024
0.6855000000000002
0.8098999999999998
0.7614000000000001
0.7765999999999997
0.7581000000000002
0.7549999999999999
0.8168000000000002
0.7859000000000003
0.6367999999999996
0.7096
0.6475
0.3456999999999999
0.7633000000000001
0.6550000000000002
0.7628000000000004
0.7568000000000001
0.6539999999999999
0.7622
0.6476999999999999
0.7263999999999999
0.8336999999999999
0.6334
0.6373000000000002
0.6263999999999998
0.7323999999999997
0.6717999999999997
0.7955000000000001
0.6837
0.7298
0.7993000000000001
0.6381999999999999
0.7231999999999998
0.7263999999999999
0.6854
0.7957000000000001
0.6656000000000004
0.4573999999999998
0.6657000000000002
0.7368000000000001
0.5522
0.5772000000000004
0.7218
0.7615000000000003
0.6941000000000002
0.7067999999999999
0.7183999999999999
0.7877000000000001
0.7662
0.7609999999999997
0.7125999999999997
0.6595999999999997
0.6619000000000002
0.6843000000000004
0.6237999999999997
0.49739999999999984
0.6141999999999999
0.6342000000000003
0.5461
0.6840999999999999
0.5687000000000002
0.7079
0.6547000000000001
0.6989000000000001
0.6716000000000002
0.5226000000000002
0.7797000000000001
0.2557999999999998
0.7169000000000001
0.2755000000000001
0.6273
0.8485
0.5503
0.6158000000000001
0.7445000000000002
1.1709
0.9842
0.6885000000000001
0.2608999999999997
0.09689999999999999
0.2883
1.004
0.4274
0.8125
0.10799999999999987
0.5455000000000001
0.48760000000000003
0.8788999999999998
0.6597999999999999
0.8788
0.5735000000000001
1.028
0.9205999999999999
0.22740000000000005
0.5608999999999997
0.2881999999999998
0.3023
0.05230000000000001
0.1347999999999998
1.0745
0.4641000000000002
0.04410000000000003
0.11159999999999992
0.4485000000000001
0.504
0.9122000000000001
1.0266
0.7598999999999998
0.029099999999999904
0.5665999999999998
0.14210000000000012
0.1069
0.058800000000000185
0.022399999999999753
0.08150000000000013
0.0009999999999998899
0.2947000000000002
0.03720000000000012
0.06879999999999997
0.0777000000000001
0.26860000000000017
0.3115000000000001
0.3622000000000001
0.43889999999999985
0.04579999999999984
0.35040000000000004
0.020299999999999763
0.11699999999999999
0.20929999999999982
0.09739999999999993
0.3132999999999999
0.06160000000000032
0.1115999999999997
0.17510000000000003
0.47119999999999984
0.34650000000000025
0.10329999999999995
0.2931999999999999
0.3809999999999998
0.0685
0.3038000000000003
0.3426
0.3268
0.28289999999999993
0.020999999999999908
0.009400000000000075
0.05900000000000016
0.11009999999999986
0.3117000000000001
0.28090000000000037
0.2228000000000001
0.1054999999999997
0.02660000000000018
0.11460000000000004
0.3272999999999997
0.2015
0.06040000000000001
0.3316000000000001
0.37070000000000003
0.45440000000000014
0.09240000000000004
0.14100000000000024
0.3971999999999998
0.4301999999999997
0.24899999999999967
0.37239999999999984
0.44730000000000025
0.4507000000000003
0.19530000000000003
0.0464
0.05689999999999995
0.12719999999999976
0.2248000000000001
0.05510000000000015
0.32440000000000024
0.2379
0.45950000000000024
0.9268000000000001
0.7267999999999999
0.8954
0.7079
0.8369
0.8905000000000003
0.7632000000000003
0.8885000000000001
0.5550999999999999
0.7960000000000003
0.9803999999999999
0.8166000000000002
0.8948
0.6725999999999996
0.2368999999999999
0.7614999999999998
0.5804999999999998
0.4277000000000002
0.7864
0.5997999999999997
0.8721000000000001
0.8588999999999998
0.6341999999999999
0.8331
0.8057000000000001
0.7384
0.7394000000000003
0.6154999999999999
0.2921999999999998
0.44419999999999993
0.4264000000000001
0.1392000000000002
0.29700000000000015
0.04059999999999997
0.030899999999999928
0.6467999999999998
0.15149999999999997
0.4658000000000002
0.16830000000000034
0.42179999999999973
0.16389999999999993
0.5791
0.40439999999999987
0.6598000000000002
0.05569999999999986
0.014899999999999913
0.026499999999999968
0.39469999999999983
0.6540000000000004
0.16860000000000008
0.7372000000000001
0.29769999999999985
0.2502
0.7768999999999999
0.7950999999999997
0.7250999999999999
0.5051999999999999
0.46450000000000014
0.25139999999999985
0.06769999999999987
0.8641000000000001
0.13169999999999993
0.5737000000000001
0.3943000000000003
0.3080000000000003
0.33820000000000006
0.42379999999999995
0.7002000000000002
0.11840000000000028
0.3281999999999998
0.7122000000000002
0.5155000000000003
0.8077000000000001
0.7317999999999998
0.38390000000000013
0.4024000000000001
0.7860999999999998
0.7272000000000003
0.7936000000000001
0.7593000000000001
0.6778
0.766
0.5497999999999998
0.7597
0.5658000000000003
0.6440000000000001
0.7521
0.7031999999999998
0.35029999999999983
0.4213999999999998
0.5772000000000004
0.9401999999999999
0.7560000000000002
1.0099
0.8578999999999999
0.9133
0.37040000000000006
0.7752999999999997
0.7492000000000001
0.7968000000000002
0.7425999999999999
0.8502000000000001
0.8101000000000003
0.6976
0.8129999999999997
0.7799999999999998
0.7652999999999999
0.7864
0.5286999999999997
0.4746999999999999
0.2913999999999999
0.6957999999999998
0.4859
0.41480000000000006
0.22990000000000022
0.8757999999999999
0.8491
0.7803999999999998
0.6992000000000003
0.714
0.25760000000000005
0.7505999999999999
0.8039000000000001
1.0317999999999996
0.8256000000000001
0.5452999999999997
0.9470999999999998
1.0426000000000002
1.0772
1.0292999999999997
0.766
0.5169000000000001
0.4299000000000004
0.7223000000000002
0.43989999999999974
0.7154000000000003
0.7745000000000002
0.5308000000000002
0.7405999999999997
0.7159999999999997
0.4563999999999999
0.18500000000000005
0.5390999999999999
0.3820000000000001
0.5566
0.3092999999999999
0.8804999999999996
0.48870000000000013
0.4235000000000002
0.8172999999999999
0.73
0.8608000000000002
0.9109000000000003
0.6147999999999998
0.6757999999999997
0.7234000000000003
0.13859999999999983
0.6402999999999999
0.025500000000000078
0.5874000000000001
0.9017
0.6222000000000003
0.5634999999999999
0.5375999999999999
0.05190000000000028
0.2275999999999998
0.9495
0.19099999999999984
0.7996000000000003
0.6417999999999999
0.7783000000000002
0.09440000000000026
0.08409999999999984
0.3419000000000003
0.35399999999999965
0.35020000000000007
0.5158
0.026100000000000012
0.3004000000000002
0.08969999999999967
0.03189999999999982
0.7850000000000001
0.26339999999999986
0.11519999999999997
0.025100000000000122
0.0050000000000001155
0.5441000000000003
0.42379999999999995
0.5484999999999998
0.42510000000000003
0.017699999999999827
0.008299999999999974
0.013900000000000023
0.038899999999999935
0.008700000000000152
0.021600000000000064
0.017199999999999882
0.024799999999999933
0.17200000000000015
0.02629999999999999
0.0030000000000001137
0.08640000000000025
0.010499999999999954
0.01609999999999978
0.03200000000000003
0.0028999999999999027
0.007699999999999818
0.013400000000000079
0.18090000000000006
0.19290000000000007
0.013700000000000045
0.0660999999999996
0.0828000000000002
0.133
0.006700000000000372
0.4253
0.1640999999999999
0.32120000000000015
0.2692999999999999
0.3496999999999999
0.0653999999999999
0.05689999999999995
0.1057999999999999
0.09460000000000002
0.02210000000000001
0.6585000000000001
0.06510000000000016
0.42230000000000034
0.010199999999999987
0.5588000000000002
0.8073999999999999
0.034499999999999975
0.09600000000000009
0.8243
0.17280000000000006
0.02220000000000022
0.6411000000000002
0.4973000000000001
0.3727999999999998
0.5531000000000001
0.22409999999999997
0.7937999999999996
0.022499999999999964
0.02719999999999967
0.4599000000000002
0.18300000000000005
0.6390000000000002
0.6288000000000002
0.31120000000000037
0.19459999999999988
0.5410999999999997
0.48009999999999975
0.6529000000000003
0.7445999999999997
0.5136999999999996
0.6269999999999998
0.11319999999999997
0.24180000000000001
0.07810000000000006
0.593
0.42600000000000016
0.5139
0.5150999999999999
0.4812000000000003
0.06379999999999986
0.25829999999999975
0.8407
0.7039
0.17820000000000014
0.7793000000000001
0.18839999999999968
0.5282
0.7511000000000001
0.16220000000000034
0.7852000000000001
0.5632999999999999
0.0354000000000001
0.6274000000000002
0.44189999999999996
0.5824
0.41889999999999983
0.4554999999999998
0.637
0.8008000000000002
0.6964999999999999
0.774
0.07790000000000008
0.06099999999999994
0.39359999999999973
0.18710000000000004
0.4281999999999999
0.7077999999999998
0.7654000000000001
0.8738999999999999
0.8515000000000001
0.5428000000000002
0.8182
0.8404000000000003
0.00890000000000013
0.2804
0.02499999999999991
0.2054999999999998
0.37429999999999986
0.5485000000000002
0.14349999999999996
0.3647
0.09649999999999981
0.005399999999999849
0.024900000000000144
0.3849999999999998
0.09779999999999989
1.0356999999999998
0.8504999999999998
0.266
0.3719999999999999
0.8281000000000001
0.7046000000000001
0.023299999999999876
0.7197
0.8891999999999998
0.6211000000000002
0.5764999999999998
0.4371999999999998
0.6012999999999997
0.5605000000000002
1.2159999999999997
0.6352000000000002
0.37860000000000005
0.45669999999999966
0.8049
0.6925999999999997
0.6562000000000001
0.22219999999999995
0.5023999999999997
0.0026999999999999247
0.6065
0.32650000000000023
0.007800000000000029
0.15850000000000009
0.9691000000000005
0.5028999999999999
0.8135000000000003
0.4548000000000001
0.31659999999999977
0.13050000000000006
0.3472999999999997
0.33630000000000004
0.5019
0.46960000000000024
0.391
1.0119000000000002
1.0059999999999998
0.7039999999999997
0.29689999999999994
0.6595999999999997
0.11900000000000022
0.6345000000000001
0.6697000000000002
0.8494000000000002
1.0348000000000002
0.4706999999999999
0.33630000000000004
0.9539
0.7748000000000004
1.0436
0.5358999999999998
0.6574
0.7839999999999998
0.6928999999999998
0.37349999999999994
0.26370000000000005
0.6774
0.7624
0.5930999999999997
0.7802000000000002
0.6183999999999998
0.5527000000000002
0.2761
0.8552
0.5949
0.2523000000000004
0.5301
0.7542999999999997
0.49960000000000004
0.56
0.5882999999999998
0.8344
0.11760000000000037
0.06489999999999974
0.5011000000000001
0.3858999999999999
0.2591999999999999
0.02589999999999959
0.4321999999999999
0.3171000000000004
0.031099999999999905
0.048799999999999955
0.9106000000000001
0.4562999999999997
0.9678
0.019200000000000106
0.03929999999999989
0.020099999999999785
0.006699999999999928
0.007800000000000029
0.3996999999999997
0.02010000000000023
0.3144999999999998
0.0024000000000001798
0.2025999999999999
0.21799999999999997
0.1513
0.05900000000000016
0.00509999999999966
0.1867000000000001
0.05859999999999976
0.018199999999999772
0.006500000000000394
0.0032999999999998586
0.017000000000000348
0.05150000000000032
0.023699999999999832
0.5738999999999996
0.00019999999999997797
0.00509999999999966
0.047900000000000276
0.042200000000000015
0.6073999999999997
0.7713000000000001
0.7910999999999997
0.7881
0.8014999999999999
0.7686000000000002
0.8275000000000001
0.15629999999999988
0.23519999999999985
0.4802999999999997
0.3691
0.1198999999999999
0.20730000000000004
