8.793113814288935348e-01
8.589035253506689394e-01
8.096253071447946370e-01
7.457749094085163177e-01
6.838238833989673804e-01
6.455965614747548598e-01
6.198079760708979924e-01
6.057544166183689294e-01
5.973223863947418888e-01
5.869338099851638679e-01
5.689222143382828278e-01
5.469594823209630308e-01
5.315427007076517496e-01
5.237530186877296101e-01
5.147943172612667873e-01
5.059731917669291201e-01
5.025131479264659529e-01
5.079721642833631146e-01
5.152422141986953141e-01
5.114285843495460782e-01
5.038451310980651687e-01
4.971682858642315073e-01
4.922098332614348037e-01
4.870164355680456358e-01
4.819905317517308996e-01
4.790371458010079242e-01
4.792244933201900148e-01
4.797404033651016531e-01
4.779621576544528239e-01
4.784779019027033953e-01
4.811238465099876294e-01
4.851585181964391258e-01
4.896875748215573920e-01
4.918967295545991214e-01
4.889013216841998632e-01
4.825081588906791064e-01
4.778745842739233751e-01
4.753852698375112262e-01
4.723683225054046142e-01
4.653936325813663455e-01
4.541440346894208280e-01
4.432547002460442420e-01
4.359374560607787163e-01
4.317877083004494354e-01
4.272399741446559762e-01
4.205946332157829426e-01
4.142757470052926272e-01
4.106150875135716194e-01
4.074592951474376168e-01
4.011176407134060540e-01
3.910043610707749639e-01
3.809505519436710008e-01
3.738158578006220423e-01
3.682792646667643610e-01
3.626181632547257339e-01
3.571174630884221268e-01
3.535332520564549719e-01
3.514598700695376610e-01
3.489239888364031872e-01
3.456215118587691038e-01
3.428412214482439713e-01
3.413407961400961588e-01
3.399856296627050689e-01
3.382135298737164453e-01
3.372593053859451184e-01
3.381349105576374470e-01
3.400644215486688937e-01
3.404114470198834064e-01
3.396600693482245692e-01
3.395286163699306470e-01
3.391674311307671386e-01
3.366872389793147402e-01
3.333194888282310919e-01
3.306060005796247481e-01
3.285006239743705203e-01
3.258341297709799189e-01
3.233466389721258438e-01
3.221003064721112419e-01
3.215770478714155556e-01
3.199753880850160770e-01
3.182426517472405347e-01
3.169267287680101464e-01
3.153849433017844039e-01
3.128286933085562826e-01
3.108368719683584636e-01
3.097514485048047383e-01
3.085516033860520868e-01
3.068390244916249787e-01
3.059770323574338424e-01
3.053707109503102646e-01
3.036817427996958418e-01
3.016364781129329264e-01
3.001039460336976106e-01
2.984977615118253880e-01
2.963811616060865184e-01
2.950193467618984489e-01
2.945137077847225227e-01
2.933582686455855626e-01
2.920391106142153914e-01
2.912440070415447946e-01
2.896728022707511507e-01
2.875286169550171911e-01
2.859065249452877877e-01
2.847326855283300318e-01
2.831565888691213728e-01
2.818861581361735147e-01
2.813981494912399239e-01
2.804267549998250009e-01
2.796422551777450471e-01
2.785314642573436528e-01
2.775036871541915473e-01
2.763729531722438071e-01
2.745126802850881287e-01
2.742339009859869892e-01
2.725618934657249581e-01
2.729842105652069417e-01
2.705223813268158861e-01
2.706538136708326325e-01
2.693698108998185958e-01
2.674802171760073954e-01
2.672233923209420547e-01
2.644079063423879772e-01
2.634999272349459742e-01
2.620968822464628256e-01
2.604783021268649024e-01
2.603697794925010633e-01
2.581638698147981081e-01
2.577691324967932851e-01
2.568102189849607031e-01
2.553160244966287684e-01
2.551348427828476484e-01
2.531609997791589572e-01
2.525140604960827706e-01
2.511102003829471796e-01
2.499884916176363381e-01
2.495706965553556034e-01
2.480135587923446294e-01
2.473113427465729874e-01
2.458330475367370982e-01
2.450206437779530178e-01
2.434287081905950889e-01
2.425003840870972316e-01
2.410117399440827868e-01
2.394220138086662064e-01
2.384137641223539328e-01
2.371970921672305610e-01
2.363475259051691091e-01
2.350774997071574113e-01
2.347463415508683759e-01
2.324274624707503567e-01
2.326492082980817222e-01
2.293445237456573638e-01
2.318203534986891523e-01
2.266037362062585103e-01
2.312244939411804423e-01
2.271857515114412418e-01
2.272860423939395413e-01
2.290281099474654469e-01
2.240945709133671526e-01
2.269403873347348721e-01
2.247251621533540300e-01
2.226954871577162820e-01
2.250391749922967255e-01
2.213706072792796797e-01
2.222276905535252034e-01
2.219806227031572987e-01
2.190068679806927987e-01
2.210592179678452784e-01
2.182893788527453804e-01
2.181793592439579543e-01
2.191441467680809441e-01
2.160766789229391360e-01
2.181806604952848949e-01
2.157346010334368624e-01
2.152046287914064771e-01
2.156331406332680778e-01
2.131616031048569060e-01
2.147208464920576376e-01
2.125560012146510691e-01
2.125789530161089069e-01
2.120931586328520524e-01
2.105181519897858788e-01
2.114120953178504625e-01
2.095670057443071443e-01
2.103268735761884833e-01
2.091752373814751431e-01
2.089877586782004359e-01
2.088208535096942597e-01
2.074168329922380649e-01
2.081366960351528350e-01
2.062656272997653861e-01
2.071400456574529203e-01
2.054774556576258737e-01
2.057701412471344415e-01
2.047729838321823148e-01
2.043373940855480464e-01
2.042687262172014906e-01
2.032148015998997970e-01
2.037265876341806670e-01
2.022746917260690447e-01
2.030583513535495765e-01
2.010318139233129298e-01
2.026974521486918923e-01
1.994781725698003549e-01
2.027750485559875193e-01
1.977608302021708897e-01
2.033197565794452599e-01
1.961281500688190349e-01
2.031844322501156208e-01
1.953506633455171781e-01
2.015205780842302397e-01
1.956709099975441346e-01
1.984558740480432126e-01
1.973360707345338250e-01
1.958180729247193386e-01
1.988102656909663812e-01
1.937263494905074046e-01
1.983302098810576231e-01
1.924186791449009060e-01
1.967715987304841374e-01
1.927006505382675150e-01
1.945267476787709837e-01
1.938283649840342460e-01
1.919435865821894349e-01
1.944569456668303886e-01
1.900286615896325804e-01
1.940291176013177743e-01
1.888442833700073598e-01
1.926394349824847307e-01
1.886447679385780951e-01
1.909009280962228050e-01
1.890647916526815298e-01
1.892586666064904888e-01
1.898980821309578237e-01
1.876513404448534317e-01
1.899759023234680044e-01
1.862652653614340903e-01
1.897298414676220624e-01
1.855638499718832157e-01
1.892740381605325928e-01
1.850257090704695018e-01
1.885840477724828324e-01
1.842547781082408964e-01
1.878084132927423655e-01
1.835581876797716117e-01
1.870685450265318905e-01
1.829219044385998749e-01
1.860991193082685569e-01
1.822583771758582993e-01
1.854960944329387129e-01
1.817459742956665236e-01
1.853017089345936619e-01
1.808886775473150799e-01
1.850348850782191634e-01
1.798483585764885095e-01
1.852368328718248802e-01
1.784128561997324891e-01
1.861612391793061316e-01
1.771367115095308364e-01
1.872919933231545486e-01
1.766611589854011621e-01
1.863385433407250269e-01
1.774024952905069452e-01
1.824919068076565065e-01
1.796841490303012490e-01
1.780861710638973472e-01
1.817810616640255506e-01
1.756876092789520782e-01
1.819223470287018307e-01
1.755591698749851548e-01
1.792779393650951458e-01
1.770739783506423137e-01
1.763794245600415478e-01
1.790205491673923233e-01
1.749597618979103486e-01
1.792569106716302985e-01
1.745400978800997205e-01
1.778837839849330971e-01
1.751989965950397354e-01
1.758896220353920736e-01
1.761979758688119457e-01
1.737632792446745789e-01
1.764076813746847661e-01
1.726990335979976809e-01
1.758370777987614542e-01
1.725699893355975012e-01
1.746534680750393143e-01
1.725212611084327718e-01
1.733515612655227578e-01
1.727618954873595403e-01
1.721654002386911742e-01
1.727207564881430013e-01
1.711440421733874673e-01
1.725137427375187660e-01
1.702025864779467546e-01
1.725633455141255546e-01
1.692782065302072536e-01
1.727509556170944705e-01
1.685210386994934473e-01
1.735299692673746008e-01
1.676118492809032245e-01
1.748135306876588690e-01
1.666382818428727708e-01
1.765350503836166096e-01
1.658245748477206460e-01
1.767696033637004838e-01
1.659220694541050645e-01
1.744497790997956155e-01
1.685151836196280006e-01
1.707016427868384145e-01
1.712008657106854070e-01
1.667069910132216448e-01
1.715826529250875643e-01
1.646400487517858391e-01
1.708472999393743086e-01
1.654561512928964528e-01
1.692006932759397009e-01
1.673692733213991979e-01
1.663004662633264241e-01
1.685170142882299604e-01
1.642684928089718221e-01
1.687634317774096560e-01
1.638912292889310174e-01
1.677993383705314312e-01
1.643405731585773355e-01
1.655347265626754549e-01
1.652063754761131653e-01
1.634901698594907193e-01
1.657184383383741022e-01
1.623341258894609729e-01
1.651304019380052668e-01
1.619386441253775621e-01
1.641278217964712016e-01
1.623946787648075929e-01
1.629335813899096819e-01
1.628093830605244208e-01
1.615080818053942768e-01
1.627099316700992837e-01
1.603188928291746362e-01
1.628428175926110999e-01
1.596751100236802057e-01
1.632090911280911216e-01
1.589549199012102176e-01
1.635856739465712528e-01
1.584136047626580057e-01
1.635558617041438789e-01
1.578845525466203437e-01
1.633742467395436493e-01
1.579114253799202561e-01
1.631388718187334053e-01
1.579153669999226184e-01
1.622892940569412024e-01
1.580495951291434331e-01
1.610916376711764020e-01
1.582812922579682480e-01
1.597905566420451950e-01
1.584245734426044938e-01
1.584280761576193075e-01
1.583767631423120548e-01
1.575314315413892663e-01
1.584216036592066834e-01
1.566618873231367670e-01
1.584425814643542763e-01
1.558558775706170851e-01
1.582245547216425130e-01
1.550428971116604160e-01
1.585129639394022294e-01
1.543677965597530233e-01
1.588725731915033024e-01
1.530487968492523221e-01
1.600941208426717166e-01
1.517953137765535865e-01
1.627676724163402422e-01
1.502771148906237031e-01
1.654398187724400449e-01
1.501073122387632242e-01
1.653612802665405390e-01
1.521166820697946731e-01
1.589427222623163161e-01
1.572565679231373303e-01
1.522971533992346360e-01
1.610022823088510524e-01
1.508464262949336110e-01
1.587726083590332016e-01
1.535096809307683607e-01
1.526123329627570302e-01
1.566906990858973059e-01
1.495487072836542142e-01
1.562439006206954861e-01
1.502987234802064531e-01
1.521617457647989058e-01
1.533422658634986946e-01
1.498190252451160609e-01
1.546008587825891678e-01
1.500434444861706573e-01
1.525702932224262676e-01
1.516135199054333138e-01
1.497215751211579959e-01
1.526215744770743898e-01
1.489005949263907391e-01
1.515515942582461861e-01
1.496280882364880993e-01
1.496816998152907807e-01
1.510399402104767030e-01
1.483194558606557856e-01
1.507962850866620408e-01
1.484834396141030410e-01
1.496359970524379912e-01
1.495306079479565564e-01
1.483717736621802674e-01
1.498016728811194798e-01
1.478810799768495166e-01
1.489988043745286428e-01
1.479265693744262478e-01
1.479061069403316275e-01
1.480910941927259250e-01
1.468512181851641119e-01
1.481309966658514998e-01
1.464032606261840286e-01
1.481832249853816397e-01
1.460411214476594610e-01
1.478132265957491087e-01
1.464428643052838042e-01
1.469781524519685190e-01
1.467636436906134545e-01
1.461265116774196626e-01
1.470063926196729376e-01
1.453838053856423007e-01
1.466341629062701268e-01
1.448015067720073989e-01
1.463926904587948274e-01
1.446723763497058113e-01
1.460572638880920371e-01
1.445730134662657762e-01
1.456112434829391067e-01
1.445355675657725159e-01
1.450260862105228477e-01
1.445055215404142945e-01
1.445276886873014810e-01
1.446787205614186722e-01
1.437963258306872716e-01
1.447261886378748696e-01
1.432823316226510546e-01
1.448216817171433524e-01
1.426164753231564664e-01
1.450225168901470851e-01
1.417856161513675606e-01
1.455464393516972543e-01
1.408619439976302734e-01
1.471038585212564032e-01
1.398745580395780452e-01
1.493387947158431039e-01
1.385843336145821669e-01
1.529187361136841450e-01
1.379444521310534966e-01
1.551222521284859324e-01
1.386173579960660596e-01
1.503245295838820661e-01
1.418912009195821000e-01
1.428546856000109666e-01
1.478263600603598182e-01
1.389490336499160372e-01
1.492912584958772937e-01
1.393251426661077930e-01
1.445163021102214840e-01
1.432002630179317060e-01
1.398477521634530485e-01
1.459169183419985472e-01
1.383058999568624048e-01
1.436624647054841886e-01
1.405090582856496906e-01
1.398671313174894570e-01
1.429760635436785332e-01
1.376859245465293091e-01
1.427547829136699142e-01
1.389107733028265568e-01
1.399034287203306248e-01
1.410609868504622277e-01
1.380005645974746731e-01
1.417180786896496403e-01
1.380378656272925886e-01
1.398564843579029882e-01
1.394608265435022809e-01
1.380443456809392622e-01
1.408154043275957890e-01
1.374503299084810504e-01
1.399825265527247786e-01
1.383905658945566441e-01
1.383832242158491155e-01
1.394382025561683724e-01
1.371910099608560363e-01
1.394333913519081869e-01
1.375182450405741108e-01
1.384600916107968649e-01
1.382698430364784348e-01
1.371311190596047613e-01
1.387575840657066795e-01
1.366544951501112160e-01
1.383717128050034328e-01
1.365662125765865764e-01
1.375118757817139492e-01
1.367624640626558530e-01
1.366301284150331363e-01
1.368200760684793182e-01
1.361083340777064221e-01
1.366589465470805509e-01
1.358138906103071586e-01
1.363249906831770497e-01
1.352827824900219023e-01
1.358895495046743007e-01
1.350656381880873669e-01
1.357213146385681246e-01
1.346106038948332861e-01
1.356678492330869457e-01
1.341504884585012491e-01
1.357292517612155858e-01
1.337219888997303041e-01
1.356756229730397556e-01
1.333365321414420324e-01
1.358563671164632058e-01
1.328308013339299098e-01
1.357619393269829666e-01
1.325064271134502869e-01
1.356714515356151063e-01
1.323649136269363369e-01
1.352911405119833488e-01
1.323488245570584032e-01
1.345562947795674591e-01
1.327244972659316624e-01
1.335924767190034279e-01
1.331515616146819736e-01
1.328486739414176387e-01
1.335821942414431862e-01
1.319963323315545833e-01
1.336151061847588584e-01
1.312948035997987262e-01
1.337356519914898456e-01
1.306854568196872679e-01
1.341673992578631958e-01
1.299862380191938449e-01
1.346543392286435048e-01
1.292076440567477835e-01
1.352261716532733582e-01
1.285908421145882941e-01
1.364888010672597740e-01
1.279083568466575505e-01
1.379409481991350495e-01
1.277249275457807420e-01
1.386680267777106734e-01
1.275928156687310966e-01
1.377689813861965318e-01
1.287856815240182584e-01
1.352850233546528114e-01
1.310283618763739832e-01
1.317697340824968422e-01
1.335162339762169526e-01
1.290954024898601227e-01
1.345603229094560205e-01
1.279514944260446985e-01
1.340251015815843993e-01
1.281146069909508967e-01
1.322766472049124731e-01
1.291882650814705491e-01
1.302451303751473721e-01
1.310103567663616908e-01
1.288611745281851573e-01
1.318760733863129919e-01
1.280148505037978224e-01
1.316877153021288882e-01
1.280370967974854279e-01
1.303354417531027432e-01
1.284015480190891512e-01
1.291485575728809343e-01
1.288300248001757464e-01
1.282736075006876419e-01
1.291977592823704835e-01
1.275785810204713711e-01
1.296987163151317457e-01
1.270315075374562341e-01
1.293538928378674124e-01
1.269340019361876182e-01
1.290798115102448351e-01
1.270011671579261425e-01
1.282977120977737417e-01
1.271236575340796149e-01
1.278977736307798374e-01
1.271078716385470042e-01
1.276651179872226871e-01
1.267513938583912647e-01
1.276492559589266773e-01
1.261878694539101398e-01
1.275887789345679924e-01
1.258356291168290786e-01
1.276254948702038039e-01
1.253587891511448171e-01
1.277979738935290099e-01
1.248614806766438490e-01
1.285332950728943768e-01
1.240289382645227562e-01
1.294692932610929381e-01
1.230538171988481977e-01
1.306960890751745485e-01
1.220371107050690351e-01
1.327693317212770285e-01
1.215475629989001549e-01
1.353670107263985622e-01
1.210979895457019173e-01
1.358651966565728175e-01
1.210169307895430924e-01
1.341973879973371864e-01
1.235351166840196746e-01
1.299479519786109205e-01
1.278527632686941029e-01
1.250148928422522010e-01
1.308943702841793288e-01
1.226208606567063264e-01
1.300590165841780110e-01
1.229944187459022231e-01
1.265751526331959920e-01
1.252652420217572338e-01
1.235408093784122335e-01
1.276190278159867464e-01
1.223914158378314465e-01
1.275574802584504286e-01
1.229817205020623111e-01
1.254158642549693670e-01
1.246104795614668276e-01
1.228527747270181381e-01
1.258292684476735035e-01
1.218529001855315902e-01
1.254912319551847455e-01
1.223113773802365217e-01
1.239580331245370703e-01
1.234838949799680619e-01
1.226355321532557885e-01
1.246177136650988004e-01
1.219268139432208159e-01
1.246267747794949643e-01
1.220470228247264866e-01
1.236907824564783681e-01
1.227680193847477536e-01
1.224565372954323356e-01
1.235002310991501484e-01
1.218483127654422793e-01
1.235521515690156252e-01
1.213535326546632542e-01
1.229974116539254425e-01
1.216051808673251772e-01
1.223345632093338631e-01
1.219741697735079733e-01
1.215163780888639106e-01
1.222442076701072133e-01
1.208737720360289897e-01
1.222679951356130112e-01
1.205632090895443070e-01
1.220738514661743879e-01
1.207258255005851932e-01
1.215361899217360514e-01
1.206940854193840340e-01
1.208466031298252030e-01
1.208928029409604143e-01
1.204375924472539244e-01
1.209470507809271705e-01
1.199309010338075326e-01
1.211177095061805181e-01
1.196562499345134450e-01
1.209745542435158028e-01
1.193842638159675618e-01
1.208494763737157363e-01
1.191609672176690837e-01
1.203128861795793730e-01
1.191968383134009574e-01
1.197790797491614656e-01
1.192488727081404548e-01
1.192713585604275317e-01
1.191910157655162589e-01
1.189119562918767858e-01
1.191403497815406998e-01
1.184618585293466114e-01
1.191678717355385275e-01
1.181433766910743033e-01
1.192603956251505198e-01
1.175442781656950708e-01
1.193677320579215329e-01
1.169208923642009734e-01
1.199817267746945415e-01
1.157866543939684162e-01
1.215442019188588546e-01
1.142146486276557210e-01
1.247091188681643398e-01
1.122960450422514911e-01
1.314194837162267759e-01
1.111945853882417429e-01
1.439647665825341538e-01
1.107846548420787780e-01
1.452717661220726264e-01
1.158015451913798483e-01
1.269478688443173298e-01
1.337475257794274175e-01
1.142079190282236228e-01
1.395245701667411076e-01
1.194628577021639437e-01
1.209738131804780487e-01
1.318963540024570835e-01
1.140625714319053324e-01
1.257208349710885742e-01
1.224760677790321106e-01
1.144055870370561945e-01
1.268992298268477592e-01
1.165375221993415339e-01
1.168277925961023339e-01
1.234969293700156900e-01
1.136457660477551979e-01
1.190925083585605698e-01
1.200815586120813350e-01
1.137821972631065104e-01
1.200887909241232926e-01
1.170696882941908573e-01
1.147951635815839255e-01
1.204399283565528861e-01
1.153464951202598093e-01
1.163147934257819510e-01
1.198031735940478931e-01
1.147672336170447727e-01
1.173252911886539379e-01
1.182524646093594395e-01
1.149940529331764244e-01
1.190294535417793509e-01
1.174508300749875084e-01
1.157298049524769223e-01
1.190683989933492698e-01
1.157742761423942723e-01
1.165385370573220614e-01
1.180831898868002910e-01
1.146920690130635162e-01
1.169486016328913636e-01
1.166541989077308772e-01
1.147976872260706716e-01
1.170914505921098747e-01
1.152481374178805501e-01
1.151991951652537177e-01
1.166584927286747897e-01
1.144347504564216800e-01
1.153669703353018550e-01
1.154341556250100265e-01
1.136995718152728346e-01
1.153573667300267780e-01
1.142230667733018096e-01
1.137986051435107976e-01
1.149674060963937899e-01
1.133872911880998563e-01
1.140188580325755541e-01
1.143729513399353859e-01
1.132135531843913578e-01
1.145338607183831181e-01
1.135858769179863836e-01
1.135632258999349775e-01
1.140437723737153103e-01
1.129732575045165194e-01
1.136782590807313004e-01
1.131276272255507948e-01
1.128654448433981106e-01
1.134291827940006187e-01
1.127423161794362944e-01
1.129174462138411300e-01
1.127200125680295623e-01
1.122904631556695121e-01
1.128894715660143794e-01
1.119485761292466214e-01
1.123814549910785443e-01
1.122913782234767205e-01
1.118090288247568648e-01
1.122759063589706535e-01
1.115936587740442576e-01
1.118125912984501424e-01
1.118195508686019995e-01
1.109665381031863796e-01
1.116046580062572263e-01
1.110637995947830053e-01
1.110204758872786884e-01
1.113187560160725370e-01
1.107225379384550179e-01
1.111549107122878077e-01
1.108098125000200052e-01
1.105256999705579030e-01
1.109586645271975897e-01
1.102772708917619388e-01
1.106130675282184644e-01
1.105754917552315419e-01
1.100568020010023879e-01
1.104890931998573911e-01
1.098442165792241770e-01
1.101796881698757224e-01
1.099690135042308975e-01
1.095539099856967097e-01
1.099676431281317590e-01
1.094459933553083991e-01
1.096883779420054217e-01
1.094043782861288672e-01
1.093163196718482943e-01
1.093733938573598491e-01
1.090013063261778409e-01
1.093877655378717034e-01
1.090518867731904429e-01
1.091018046490000171e-01
1.090309707197504030e-01
1.087301215337778126e-01
1.089158976184974037e-01
1.083455120948600275e-01
1.087774778168844880e-01
1.082313731157201753e-01
1.084060199951858428e-01
1.082318164645273001e-01
1.078976593105391152e-01
1.082344100509741308e-01
1.076940200613867027e-01
1.078887065349196095e-01
1.078982732739660749e-01
1.073703808107728946e-01
1.077556055270304375e-01
1.071273856279755521e-01
1.074638164074467606e-01
1.072434927458616044e-01
1.069644505439175941e-01
1.072098981802197953e-01
1.067351067128077674e-01
1.070804356144007125e-01
1.065549686014842928e-01
1.069551290683296713e-01
1.065022282909947327e-01
1.065410176470600601e-01
1.067005723530967537e-01
1.060145432650636405e-01
1.063503377490925828e-01
1.060092747967905230e-01
1.061246043235542225e-01
1.059055478781274900e-01
1.057910962293938939e-01
1.061718747954581571e-01
1.054228665675702170e-01
1.058480112737308215e-01
1.053492460824748955e-01
1.055904515391135612e-01
1.054229706651412107e-01
1.052102480825284347e-01
1.054271828785726256e-01
1.052138724670994147e-01
1.052340380027532440e-01
1.050435355603244469e-01
1.052088277361195867e-01
1.048751865431223756e-01
1.048696171057186405e-01
1.047853700311442843e-01
1.047291323615059944e-01
1.046178280839420854e-01
1.047352460001775981e-01
1.044257117528371859e-01
1.044144841535004919e-01
1.043479774082757550e-01
1.044019713745766020e-01
1.043529108767094343e-01
1.041459574661252885e-01
1.043491347534241526e-01
1.037317238068882486e-01
1.044647751127631280e-01
1.032611033083456198e-01
1.047991294539179913e-01
1.033213200314909846e-01
1.045320919563330619e-01
1.034646763654394758e-01
1.038684809877641196e-01
1.040368109436386468e-01
1.032923789037532292e-01
1.040881408910461770e-01
1.029992687956399894e-01
1.039050052679099251e-01
1.028962341884099851e-01
1.039833259979524444e-01
1.027962036058823886e-01
1.039289895769988786e-01
1.026438367623984937e-01
1.038248253176757424e-01
1.027408094642954656e-01
1.033566498141857692e-01
1.028163246024696165e-01
1.029771224939474428e-01
1.027178153096422603e-01
1.027250279010270412e-01
1.028145190308390050e-01
1.024962900156070889e-01
1.028222434978429967e-01
1.020849257633876933e-01
1.028098418110888340e-01
1.017690526744500779e-01
1.027863372988432611e-01
1.014601817103189668e-01
1.031746781328088391e-01
1.009022166572162982e-01
1.037363303645712637e-01
1.000338763866281677e-01
1.046856535801708316e-01
9.847703210895440706e-02
