4.267192968750000000e+04
3.509018750000000000e+04
2.838824609375000000e+04
2.311716015625000000e+04
2.132878906250000000e+04
1.998370703125000000e+04
1.808730468750000000e+04
1.637533203125000000e+04
1.457351269531250000e+04
1.267433984375000000e+04
1.053324023437500000e+04
8.602100585937500000e+03
7.594713378906250000e+03
6.173781250000000000e+03
4.859559082031250000e+03
4.202339355468750000e+03
3.651415771484375000e+03
3.129505371093750000e+03
2.673825439453125000e+03
2.213934326171875000e+03
1.799034179687500000e+03
1.523020141601562500e+03
1.399566528320312500e+03
1.362002685546875000e+03
1.337681030273437500e+03
1.287466186523437500e+03
1.219446289062500000e+03
1.134708007812500000e+03
1.021874938964843750e+03
8.907872314453125000e+02
7.637031250000000000e+02
6.479826660156250000e+02
5.511163940429687500e+02
4.938726501464843750e+02
4.636295471191406250e+02
4.410827331542968750e+02
4.185473022460937500e+02
3.897685241699218750e+02
3.621003723144531250e+02
3.411226501464843750e+02
3.234620971679687500e+02
3.069624633789062500e+02
2.841491088867187500e+02
2.562092590332031250e+02
2.278764190673828125e+02
2.031148071289062500e+02
1.905449829101562500e+02
1.876345062255859375e+02
1.888843994140625000e+02
1.889226684570312500e+02
1.833956909179687500e+02
1.757383117675781250e+02
1.678039550781250000e+02
1.613492279052734375e+02
1.538843994140625000e+02
1.453783111572265625e+02
1.357410583496093750e+02
1.265717315673828125e+02
1.196093521118164062e+02
1.149292831420898438e+02
1.123711929321289062e+02
1.099974365234375000e+02
1.067584228515625000e+02
1.024469909667968750e+02
9.859410095214843750e+01
9.511417388916015625e+01
9.268473815917968750e+01
9.019770812988281250e+01
8.761253356933593750e+01
8.499945068359375000e+01
8.269094848632812500e+01
8.110397338867187500e+01
7.990762329101562500e+01
7.863209533691406250e+01
7.692724609375000000e+01
7.467732238769531250e+01
7.246060180664062500e+01
7.044156646728515625e+01
6.884986114501953125e+01
6.736192321777343750e+01
6.590814971923828125e+01
6.445691680908203125e+01
6.316360092163085938e+01
6.200775909423828125e+01
6.094624328613281250e+01
5.979690551757812500e+01
5.844328308105468750e+01
5.712197494506835938e+01
5.591019058227539062e+01
5.496990966796875000e+01
5.402120208740234375e+01
5.311344909667968750e+01
5.209082794189453125e+01
5.119448852539062500e+01
5.026532745361328125e+01
4.935731506347656250e+01
4.845659637451171875e+01
4.749982833862304688e+01
4.665318298339843750e+01
4.586796569824218750e+01
4.511429595947265625e+01
4.435238647460937500e+01
4.356135940551757812e+01
4.278112411499023438e+01
4.200357437133789062e+01
4.127853393554687500e+01
4.059141921997070312e+01
3.992283630371093750e+01
3.925794219970703125e+01
3.856702041625976562e+01
3.795508575439453125e+01
3.733539581298828125e+01
3.678279876708984375e+01
3.632494354248046875e+01
3.604974365234375000e+01
3.563969802856445312e+01
3.484757614135742188e+01
3.396116638183593750e+01
3.334933471679687500e+01
3.308189010620117188e+01
3.274754714965820312e+01
3.213069152832031250e+01
3.137156677246093750e+01
3.079041099548339844e+01
3.040340423583984375e+01
2.992247772216796875e+01
2.928835868835449219e+01
2.867809486389160156e+01
2.823582077026367188e+01
2.789297485351562500e+01
2.750241279602050781e+01
2.700885391235351562e+01
2.652049255371093750e+01
2.610566711425781250e+01
2.576561737060546875e+01
2.541624069213867188e+01
2.505802536010742188e+01
2.466502571105957031e+01
2.427604675292968750e+01
2.390239715576171875e+01
2.352631187438964844e+01
2.317988967895507812e+01
2.281875228881835938e+01
2.247780418395996094e+01
2.216038703918457031e+01
2.183959197998046875e+01
2.152243614196777344e+01
2.123932647705078125e+01
2.106348800659179688e+01
2.099402427673339844e+01
2.123886871337890625e+01
2.231885337829589844e+01
2.409227180480957031e+01
2.475956916809082031e+01
2.258737182617187500e+01
1.973543548583984375e+01
1.898420333862304688e+01
2.047719573974609375e+01
2.096611404418945312e+01
1.919503021240234375e+01
1.789821624755859375e+01
1.854724884033203125e+01
1.911738395690917969e+01
1.818078613281250000e+01
1.707797050476074219e+01
1.723580169677734375e+01
1.778932380676269531e+01
1.743667411804199219e+01
1.650448417663574219e+01
1.611861038208007812e+01
1.650668907165527344e+01
1.677937126159667969e+01
1.626213455200195312e+01
1.551673698425292969e+01
1.520307731628417969e+01
1.534901332855224609e+01
1.546051597595214844e+01
1.520412254333496094e+01
1.470584011077880859e+01
1.435128974914550781e+01
1.428278350830078125e+01
1.429709720611572266e+01
1.419017696380615234e+01
1.398613357543945312e+01
1.372655105590820312e+01
1.349608802795410156e+01
1.333220958709716797e+01
1.324288749694824219e+01
1.321814250946044922e+01
1.316749286651611328e+01
1.307698154449462891e+01
1.289397621154785156e+01
1.267633247375488281e+01
1.246843624114990234e+01
1.228885364532470703e+01
1.216249370574951172e+01
1.206675910949707031e+01
1.199833297729492188e+01
1.194420528411865234e+01
1.189727401733398438e+01
1.188552474975585938e+01
1.200064277648925781e+01
1.220737266540527344e+01
1.276301193237304688e+01
1.361513710021972656e+01
1.490332031250000000e+01
1.628791809082031250e+01
1.759366416931152344e+01
1.807512855529785156e+01
1.747705650329589844e+01
1.537785434722900391e+01
1.283449459075927734e+01
1.096665668487548828e+01
1.036680412292480469e+01
1.098962593078613281e+01
1.223273563385009766e+01
1.329103660583496094e+01
1.372309112548828125e+01
1.336347293853759766e+01
1.226784706115722656e+01
1.087918281555175781e+01
9.848025321960449219e+00
9.620697021484375000e+00
1.012328147888183594e+01
1.098213863372802734e+01
1.172389984130859375e+01
1.202618503570556641e+01
1.185565757751464844e+01
1.115029144287109375e+01
1.028435611724853516e+01
9.506051063537597656e+00
9.001208305358886719e+00
8.832742691040039062e+00
8.985657691955566406e+00
9.350324630737304688e+00
9.762550354003906250e+00
1.012443256378173828e+01
1.027825832366943359e+01
1.034394645690917969e+01
1.028358650207519531e+01
1.017297935485839844e+01
1.009658050537109375e+01
1.005815505981445312e+01
9.965042114257812500e+00
9.896486282348632812e+00
9.734451293945312500e+00
9.577505111694335938e+00
9.416315078735351562e+00
9.322202682495117188e+00
9.287914276123046875e+00
9.367363929748535156e+00
9.529081344604492188e+00
9.795425415039062500e+00
1.016509819030761719e+01
1.087011623382568359e+01
1.193897056579589844e+01
1.371429252624511719e+01
1.602672767639160156e+01
1.864682579040527344e+01
2.014942169189453125e+01
2.042670631408691406e+01
1.791731452941894531e+01
1.341104793548583984e+01
9.040727615356445312e+00
7.126165390014648438e+00
8.006241798400878906e+00
1.034208297729492188e+01
1.222464370727539062e+01
1.219349384307861328e+01
1.030872344970703125e+01
7.970414638519287109e+00
6.814315795898437500e+00
7.114469528198242188e+00
8.129948616027832031e+00
8.969967842102050781e+00
9.122161865234375000e+00
8.600664138793945312e+00
7.670906066894531250e+00
6.812118053436279297e+00
6.422341346740722656e+00
6.629524707794189453e+00
7.158347606658935547e+00
7.621417522430419922e+00
7.775194644927978516e+00
7.574210166931152344e+00
7.159821510314941406e+00
6.717394351959228516e+00
6.349262237548828125e+00
6.112088203430175781e+00
6.030614376068115234e+00
6.033952713012695312e+00
6.099314212799072266e+00
6.180305957794189453e+00
6.347878456115722656e+00
6.575205802917480469e+00
6.850554466247558594e+00
7.215297698974609375e+00
7.686166763305664062e+00
8.376014709472656250e+00
9.412919998168945312e+00
1.085619163513183594e+01
1.282096862792968750e+01
1.524315547943115234e+01
1.774794197082519531e+01
1.969551086425781250e+01
1.926176452636718750e+01
1.651193428039550781e+01
1.171304035186767578e+01
7.559312343597412109e+00
5.593708992004394531e+00
6.225984573364257812e+00
8.287640571594238281e+00
1.016870498657226562e+01
1.090120315551757812e+01
9.850249290466308594e+00
8.051054954528808594e+00
6.184400558471679688e+00
5.298036098480224609e+00
5.598959922790527344e+00
6.606508255004882812e+00
7.518388748168945312e+00
7.795706748962402344e+00
7.523033142089843750e+00
6.679883003234863281e+00
5.736977577209472656e+00
5.110706806182861328e+00
5.087236881256103516e+00
5.483163356781005859e+00
5.908909797668457031e+00
6.121428012847900391e+00
6.062899589538574219e+00
5.768501281738281250e+00
5.336244583129882812e+00
4.971457958221435547e+00
4.789309501647949219e+00
4.783418655395507812e+00
4.936469554901123047e+00
5.169217109680175781e+00
5.422973155975341797e+00
5.701475143432617188e+00
6.024460315704345703e+00
6.418269634246826172e+00
6.891773700714111328e+00
7.386533737182617188e+00
7.828319072723388672e+00
8.110683441162109375e+00
8.246384620666503906e+00
8.138503074645996094e+00
7.929084300994873047e+00
7.667223930358886719e+00
7.216176986694335938e+00
6.582359790802001953e+00
5.966429710388183594e+00
5.380758762359619141e+00
4.900865077972412109e+00
4.537197113037109375e+00
4.335110187530517578e+00
4.249538898468017578e+00
4.243389606475830078e+00
4.296509742736816406e+00
4.402237415313720703e+00
4.553024768829345703e+00
4.738693714141845703e+00
4.919478893280029297e+00
5.091794013977050781e+00
5.329182147979736328e+00
5.723995208740234375e+00
6.330279827117919922e+00
7.232668876647949219e+00
8.632690429687500000e+00
1.082323360443115234e+01
1.468317127227783203e+01
1.984372329711914062e+01
2.633154296875000000e+01
3.065495681762695312e+01
3.138333320617675781e+01
2.516372108459472656e+01
1.526005458831787109e+01
6.100684165954589844e+00
4.599272251129150391e+00
9.576835632324218750e+00
1.437761020660400391e+01
1.426817893981933594e+01
8.989516258239746094e+00
4.533682823181152344e+00
4.824827194213867188e+00
8.272068977355957031e+00
1.056476593017578125e+01
9.022973060607910156e+00
5.781369209289550781e+00
3.900199890136718750e+00
4.725164413452148438e+00
6.495822429656982422e+00
6.924492359161376953e+00
5.643458366394042969e+00
4.129179954528808594e+00
3.798077344894409180e+00
4.534257411956787109e+00
5.221557140350341797e+00
5.180330276489257812e+00
4.430832386016845703e+00
3.746411800384521484e+00
3.684134483337402344e+00
4.159668922424316406e+00
4.523904800415039062e+00
4.368277549743652344e+00
3.900248289108276367e+00
3.553949117660522461e+00
3.534513950347900391e+00
3.720379829406738281e+00
3.833036184310913086e+00
3.771605491638183594e+00
3.602136611938476562e+00
3.450329303741455078e+00
3.391192197799682617e+00
3.452441692352294922e+00
3.558218002319335938e+00
3.673581838607788086e+00
3.803833246231079102e+00
3.832784175872802734e+00
3.763983726501464844e+00
3.585984468460083008e+00
3.410148382186889648e+00
3.279497623443603516e+00
3.262257099151611328e+00
3.327668428421020508e+00
3.433111906051635742e+00
3.504279613494873047e+00
3.541574478149414062e+00
3.548035383224487305e+00
3.522134065628051758e+00
3.465666770935058594e+00
3.390495061874389648e+00
3.341366052627563477e+00
3.272965431213378906e+00
3.200956821441650391e+00
3.156397581100463867e+00
3.118683815002441406e+00
3.094295740127563477e+00
3.112088918685913086e+00
3.156189203262329102e+00
3.215773105621337891e+00
3.308585643768310547e+00
3.447277545928955078e+00
3.674344301223754883e+00
3.977365970611572266e+00
4.491757392883300781e+00
5.281973361968994141e+00
6.470466136932373047e+00
8.146903038024902344e+00
1.091453742980957031e+01
1.469805145263671875e+01
2.008482933044433594e+01
2.574123764038085938e+01
3.089564895629882812e+01
3.039999961853027344e+01
2.497748565673828125e+01
1.385218429565429688e+01
5.121755599975585938e+00
3.581780910491943359e+00
8.484718322753906250e+00
1.416337966918945312e+01
1.417795085906982422e+01
9.513101577758789062e+00
4.326270103454589844e+00
3.261615753173828125e+00
5.987623691558837891e+00
8.662567138671875000e+00
8.428081512451171875e+00
5.472252368927001953e+00
3.161724328994750977e+00
3.512441158294677734e+00
5.488728046417236328e+00
6.657145500183105469e+00
5.652920246124267578e+00
3.738637685775756836e+00
2.909673213958740234e+00
3.612013339996337891e+00
4.656805515289306641e+00
4.786680221557617188e+00
3.931099653244018555e+00
3.037509679794311523e+00
2.878657817840576172e+00
3.457386255264282227e+00
4.053246498107910156e+00
3.981104850769042969e+00
3.361089706420898438e+00
2.846860170364379883e+00
2.818446159362792969e+00
3.124089241027832031e+00
3.406902074813842773e+00
3.327164888381958008e+00
3.005565404891967773e+00
2.743546962738037109e+00
2.723614454269409180e+00
2.922087192535400391e+00
3.117251634597778320e+00
3.153185844421386719e+00
3.046802282333374023e+00
2.884352207183837891e+00
2.724259853363037109e+00
2.643530130386352539e+00
2.628713130950927734e+00
2.642925500869750977e+00
2.669185638427734375e+00
2.665398120880126953e+00
2.652475595474243164e+00
2.653222084045410156e+00
2.641188144683837891e+00
2.622665643692016602e+00
2.629742860794067383e+00
2.653160572052001953e+00
2.688584804534912109e+00
2.743604660034179688e+00
2.830487489700317383e+00
2.905760288238525391e+00
2.977080106735229492e+00
3.065291881561279297e+00
3.202194690704345703e+00
3.344896316528320312e+00
3.497667312622070312e+00
3.594117403030395508e+00
3.678066015243530273e+00
3.675872325897216797e+00
3.614547252655029297e+00
3.424843549728393555e+00
3.170897006988525391e+00
2.893679618835449219e+00
2.639099597930908203e+00
2.477046012878417969e+00
2.430372714996337891e+00
2.458880424499511719e+00
2.551891088485717773e+00
2.704453229904174805e+00
2.879174232482910156e+00
3.072731018066406250e+00
3.286511898040771484e+00
3.590186595916748047e+00
4.015734672546386719e+00
4.624941825866699219e+00
5.275970935821533203e+00
6.047472476959228516e+00
6.885635375976562500e+00
8.229697227478027344e+00
9.685074806213378906e+00
1.181662940979003906e+01
1.359196472167968750e+01
1.524501514434814453e+01
1.545231151580810547e+01
1.476330947875976562e+01
1.209432888031005859e+01
8.832602500915527344e+00
5.357140541076660156e+00
3.009462833404541016e+00
2.408852577209472656e+00
3.411744117736816406e+00
5.021313190460205078e+00
6.199143409729003906e+00
6.761696338653564453e+00
6.279572486877441406e+00
5.292644023895263672e+00
3.899570941925048828e+00
2.784107446670532227e+00
2.313857793807983398e+00
2.524247407913208008e+00
3.094120025634765625e+00
3.633612394332885742e+00
3.863724470138549805e+00
3.644060611724853516e+00
3.211149692535400391e+00
2.745625495910644531e+00
2.422276496887207031e+00
2.265859365463256836e+00
2.240947246551513672e+00
2.290367603302001953e+00
2.434094429016113281e+00
2.635318994522094727e+00
2.805153846740722656e+00
2.896905660629272461e+00
2.881545305252075195e+00
2.769025802612304688e+00
2.612038135528564453e+00
2.467433452606201172e+00
2.342242240905761719e+00
2.257172822952270508e+00
2.212618112564086914e+00
2.205079793930053711e+00
2.208479642868041992e+00
2.231815099716186523e+00
2.281180381774902344e+00
2.342067718505859375e+00
2.386586189270019531e+00
2.451665878295898438e+00
2.540202856063842773e+00
2.697182655334472656e+00
2.891003131866455078e+00
3.253325939178466797e+00
3.805663347244262695e+00
4.610836029052734375e+00
5.637809276580810547e+00
7.184629440307617188e+00
8.958780288696289062e+00
1.136234378814697266e+01
1.403320598602294922e+01
1.729403305053710938e+01
1.980999946594238281e+01
2.276045227050781250e+01
2.266978454589843750e+01
2.054323005676269531e+01
1.479084300994873047e+01
8.540493011474609375e+00
3.633599281311035156e+00
2.210309028625488281e+00
3.838449954986572266e+00
6.391714096069335938e+00
7.970051765441894531e+00
7.061607360839843750e+00
4.901682376861572266e+00
2.794587850570678711e+00
2.129676103591918945e+00
3.006757020950317383e+00
4.364776611328125000e+00
5.038979053497314453e+00
4.507123947143554688e+00
3.327627658843994141e+00
2.308096408843994141e+00
2.091236352920532227e+00
2.630005359649658203e+00
3.298157691955566406e+00
3.557869434356689453e+00
3.221319913864135742e+00
2.605128288269042969e+00
2.128443717956542969e+00
2.011551856994628906e+00
2.214688301086425781e+00
2.528888225555419922e+00
2.713332176208496094e+00
2.631014585494995117e+00
2.375757694244384766e+00
2.100042343139648438e+00
1.967047929763793945e+00
2.000300168991088867e+00
2.119329929351806641e+00
2.244284629821777344e+00
2.296456813812255859e+00
2.266745805740356445e+00
2.161047935485839844e+00
2.037385225296020508e+00
1.939138054847717285e+00
1.916457533836364746e+00
1.944557785987854004e+00
2.000698089599609375e+00
2.064435958862304688e+00
2.110150814056396484e+00
2.108399152755737305e+00
2.074501752853393555e+00
2.011034965515136719e+00
1.936863064765930176e+00
1.891446471214294434e+00
1.874525070190429688e+00
1.869095087051391602e+00
1.883962512016296387e+00
1.921029806137084961e+00
1.955004692077636719e+00
1.989147901535034180e+00
2.026805400848388672e+00
2.058042526245117188e+00
2.063372611999511719e+00
2.043209552764892578e+00
2.005564451217651367e+00
1.953565716743469238e+00
1.892532944679260254e+00
1.845059394836425781e+00
1.820786952972412109e+00
1.812407255172729492e+00
1.807532787322998047e+00
1.816146135330200195e+00
1.825015187263488770e+00
1.834048032760620117e+00
1.854625463485717773e+00
1.890683770179748535e+00
1.955911636352539062e+00
2.047049283981323242e+00
2.172719955444335938e+00
2.426293849945068359e+00
2.889841794967651367e+00
3.851320028305053711e+00
5.502928256988525391e+00
8.440821647644042969e+00
1.297535514831542969e+01
2.153711318969726562e+01
3.402791595458984375e+01
5.386542129516601562e+01
7.332709503173828125e+01
8.631990051269531250e+01
6.261876296997070312e+01
2.691061973571777344e+01
3.231737613677978516e+00
1.436570167541503906e+01
3.655860137939453125e+01
3.021832466125488281e+01
9.091243743896484375e+00
4.323750972747802734e+00
1.839756011962890625e+01
2.186693000793457031e+01
7.423201084136962891e+00
3.473948001861572266e+00
1.352520847320556641e+01
1.416154289245605469e+01
4.834870338439941406e+00
3.404579401016235352e+00
9.908228874206542969e+00
9.151374816894531250e+00
2.804131984710693359e+00
4.049371719360351562e+00
7.837526798248291016e+00
5.109634399414062500e+00
2.131345272064208984e+00
4.316938877105712891e+00
5.494843006134033203e+00
2.962765693664550781e+00
2.256119966506958008e+00
4.026163101196289062e+00
3.755743980407714844e+00
2.119422435760498047e+00
2.509865760803222656e+00
3.537286281585693359e+00
2.717022895812988281e+00
1.905285000801086426e+00
2.607483386993408203e+00
2.986359357833862305e+00
2.247296094894409180e+00
1.879481673240661621e+00
2.441219329833984375e+00
2.562039375305175781e+00
1.979908943176269531e+00
1.863269448280334473e+00
2.253801822662353516e+00
2.217280387878417969e+00
1.844900131225585938e+00
1.834837913513183594e+00
2.087141036987304688e+00
2.012993812561035156e+00
1.764185190200805664e+00
1.841616868972778320e+00
2.001254081726074219e+00
1.897182941436767578e+00
1.725266337394714355e+00
1.787522435188293457e+00
1.873425006866455078e+00
1.804071664810180664e+00
1.705229997634887695e+00
1.742379426956176758e+00
1.829496741294860840e+00
1.784458637237548828e+00
1.690754413604736328e+00
1.681589961051940918e+00
1.722765922546386719e+00
1.724438071250915527e+00
1.686191678047180176e+00
1.651303529739379883e+00
1.657618880271911621e+00
1.669869065284729004e+00
1.661520957946777344e+00
1.639599084854125977e+00
1.633022308349609375e+00
1.648056030273437500e+00
1.659975409507751465e+00
1.646660923957824707e+00
1.617206931114196777e+00
1.608777046203613281e+00
1.622841596603393555e+00
1.632473587989807129e+00
1.616427302360534668e+00
1.595082402229309082e+00
1.606927037239074707e+00
1.627643823623657227e+00
1.618083953857421875e+00
1.587871789932250977e+00
1.579556107521057129e+00
1.593398690223693848e+00
1.590150117874145508e+00
1.572771072387695312e+00
1.560689687728881836e+00
1.570119380950927734e+00
1.575433015823364258e+00
1.570069193840026855e+00
1.551540493965148926e+00
1.547115087509155273e+00
1.558355450630187988e+00
1.564874053001403809e+00
1.549105167388916016e+00
1.534529805183410645e+00
1.526364564895629883e+00
1.533358573913574219e+00
1.534508943557739258e+00
1.532467365264892578e+00
1.521242856979370117e+00
1.513088941574096680e+00
1.511485576629638672e+00
1.515349149703979492e+00
1.511048316955566406e+00
1.503219842910766602e+00
1.497702836990356445e+00
1.488859534263610840e+00
1.487447619438171387e+00
1.484659075736999512e+00
1.490212678909301758e+00
1.493196249008178711e+00
1.488716006278991699e+00
1.480838775634765625e+00
1.467871665954589844e+00
1.463826656341552734e+00
1.471455335617065430e+00
1.473465561866760254e+00
1.462148547172546387e+00
1.452319860458374023e+00
1.452176570892333984e+00
1.460648775100708008e+00
1.458798885345458984e+00
1.453966140747070312e+00
1.441946387290954590e+00
1.435409188270568848e+00
1.438207030296325684e+00
1.442140102386474609e+00
1.441986441612243652e+00
1.437266111373901367e+00
1.434642314910888672e+00
1.429236650466918945e+00
1.422658324241638184e+00
1.415832638740539551e+00
1.423609495162963867e+00
1.418558359146118164e+00
1.419751644134521484e+00
1.418930292129516602e+00
1.401192665100097656e+00
1.401236057281494141e+00
1.406635284423828125e+00
1.410507440567016602e+00
1.409995198249816895e+00
1.410483837127685547e+00
1.393657207489013672e+00
1.387961030006408691e+00
1.381580471992492676e+00
1.378623366355895996e+00
1.380134701728820801e+00
1.377767562866210938e+00
1.373285174369812012e+00
1.374309301376342773e+00
1.373686790466308594e+00
1.366662740707397461e+00
1.364973187446594238e+00
1.361703157424926758e+00
1.357858657836914062e+00
1.360213160514831543e+00
1.354238986968994141e+00
1.350063443183898926e+00
1.349020838737487793e+00
1.345320463180541992e+00
1.344387531280517578e+00
1.343047142028808594e+00
1.343846559524536133e+00
1.347213029861450195e+00
1.361013650894165039e+00
1.386567711830139160e+00
1.422313928604125977e+00
1.439881324768066406e+00
1.435340404510498047e+00
1.399177908897399902e+00
1.350246906280517578e+00
1.324790954589843750e+00
1.333721637725830078e+00
1.356038093566894531e+00
1.367887020111083984e+00
1.372450232505798340e+00
1.372485995292663574e+00
1.374891281127929688e+00
1.377982854843139648e+00
1.384516239166259766e+00
1.385618329048156738e+00
1.378668308258056641e+00
1.366599678993225098e+00
1.342643976211547852e+00
1.320141673088073730e+00
1.304644584655761719e+00
1.297805905342102051e+00
1.294019222259521484e+00
1.289758563041687012e+00
1.288387060165405273e+00
1.293939709663391113e+00
1.298665285110473633e+00
1.310620665550231934e+00
1.334658741950988770e+00
1.354559183120727539e+00
1.364557504653930664e+00
1.388261198997497559e+00
1.445422410964965820e+00
1.547035574913024902e+00
1.725088238716125488e+00
2.097846984863281250e+00
2.729315519332885742e+00
3.966851472854614258e+00
