8.854992985725402832e-01
8.760197162628173828e-01
8.577061295509338379e-01
8.086392879486083984e-01
7.301065921783447266e-01
6.483958959579467773e-01
5.989499688148498535e-01
5.823677182197570801e-01
5.844225883483886719e-01
5.880586504936218262e-01
5.792467594146728516e-01
5.444653630256652832e-01
4.950290620326995850e-01
4.357687234878540039e-01
3.741961121559143066e-01
3.275901675224304199e-01
2.994454503059387207e-01
2.821874022483825684e-01
2.603346109390258789e-01
2.265576273202896118e-01
1.873873770236968994e-01
1.546312719583511353e-01
1.376851499080657959e-01
1.315558552742004395e-01
1.288536190986633301e-01
1.218179911375045776e-01
1.142340302467346191e-01
1.149825677275657654e-01
1.151796579360961914e-01
1.129940077662467957e-01
1.151558980345726013e-01
1.265841573476791382e-01
1.457028388977050781e-01
1.565076559782028198e-01
1.555280238389968872e-01
1.567447930574417114e-01
1.719159781932830811e-01
1.968930065631866455e-01
2.153434008359909058e-01
2.153596729040145874e-01
2.100264728069305420e-01
2.158446013927459717e-01
2.315962016582489014e-01
2.421098053455352783e-01
2.329503595829010010e-01
2.220147103071212769e-01
2.227928191423416138e-01
2.325392514467239380e-01
2.275147885084152222e-01
2.159063965082168579e-01
2.163306474685668945e-01
2.241287380456924438e-01
2.227877974510192871e-01
2.126357108354568481e-01
2.085283845663070679e-01
2.121502161026000977e-01
2.106415331363677979e-01
1.989552676677703857e-01
1.892021894454956055e-01
1.860836893320083618e-01
1.815555542707443237e-01
1.692928075790405273e-01
1.568715125322341919e-01
1.510586142539978027e-01
1.462715864181518555e-01
1.367636173963546753e-01
1.265116631984710693e-01
1.217813268303871155e-01
1.183947473764419556e-01
1.116529330611228943e-01
1.041777431964874268e-01
1.002727821469306946e-01
9.764805436134338379e-02
9.220623224973678589e-02
8.642435073852539062e-02
8.341126888990402222e-02
8.123657107353210449e-02
7.774981111288070679e-02
7.501315325498580933e-02
7.391396909952163696e-02
7.315420359373092651e-02
7.237407565116882324e-02
7.220880687236785889e-02
7.220412045717239380e-02
7.237724959850311279e-02
7.293181121349334717e-02
7.339014858007431030e-02
7.360968738794326782e-02
7.432673126459121704e-02
7.543668150901794434e-02
7.597435265779495239e-02
7.665062695741653442e-02
7.799295336008071899e-02
7.902322709560394287e-02
7.969860732555389404e-02
8.081031590700149536e-02
8.181569725275039673e-02
8.252353221178054810e-02
8.336471021175384521e-02
8.409815281629562378e-02
8.527100831270217896e-02
8.607020974159240723e-02
8.711753040552139282e-02
8.875492215156555176e-02
8.973119407892227173e-02
9.065513312816619873e-02
9.247010201215744019e-02
9.325889497995376587e-02
9.395551681518554688e-02
9.577073156833648682e-02
9.635797888040542603e-02
9.636721014976501465e-02
9.834938496351242065e-02
9.900218248367309570e-02
9.938713908195495605e-02
1.008047312498092651e-01
1.021313443779945374e-01
1.033632233738899231e-01
1.035741418600082397e-01
1.056356281042098999e-01
1.070265248417854309e-01
1.067630127072334290e-01
1.086104884743690491e-01
1.098266318440437317e-01
1.094188541173934937e-01
1.117928177118301392e-01
1.119417995214462280e-01
1.117179617285728455e-01
1.136675849556922913e-01
1.133469194173812866e-01
1.136617809534072876e-01
1.152723357081413269e-01
1.141243055462837219e-01
1.156671121716499329e-01
1.142334416508674622e-01
1.160906553268432617e-01
1.148914322257041931e-01
1.155911237001419067e-01
1.155700758099555969e-01
1.154561489820480347e-01
1.163025349378585815e-01
1.167090833187103271e-01
1.160020306706428528e-01
1.182160228490829468e-01
1.160932779312133789e-01
1.187008172273635864e-01
1.171941459178924561e-01
1.189547032117843628e-01
1.188191026449203491e-01
1.190227940678596497e-01
1.215787976980209351e-01
1.188132613897323608e-01
1.247144117951393127e-01
1.197504326701164246e-01
1.259203702211380005e-01
1.224442496895790100e-01
1.252385973930358887e-01
1.266574710607528687e-01
1.256185770034790039e-01
1.302100569009780884e-01
1.262776553630828857e-01
1.327155679464340210e-01
1.278696209192276001e-01
1.344853788614273071e-01
1.295821815729141235e-01
1.352628320455551147e-01
1.309534311294555664e-01
1.358089298009872437e-01
1.329494565725326538e-01
1.383258402347564697e-01
1.303322166204452515e-01
1.415978521108627319e-01
1.301438212394714355e-01
1.420405060052871704e-01
1.334171891212463379e-01
1.389935016632080078e-01
1.399554461240768433e-01
1.341467946767807007e-01
1.439406126737594604e-01
1.345882713794708252e-01
1.431374996900558472e-01
1.388035267591476440e-01
1.400649100542068481e-01
1.436418741941452026e-01
1.392142921686172485e-01
1.452133804559707642e-01
1.410657614469528198e-01
1.444230526685714722e-01
1.443726271390914917e-01
1.434336751699447632e-01
1.466278582811355591e-01
1.432613283395767212e-01
1.473103314638137817e-01
1.442184299230575562e-01
1.467311531305313110e-01
1.457690596580505371e-01
1.470139473676681519e-01
1.480719000101089478e-01
1.461536884307861328e-01
1.502978056669235229e-01
1.466134637594223022e-01
1.493626832962036133e-01
1.486018300056457520e-01
1.487958133220672607e-01
1.504895836114883423e-01
1.483741998672485352e-01
1.524034589529037476e-01
1.489178538322448730e-01
1.527002602815628052e-01
1.512805670499801636e-01
1.509848535060882568e-01
1.537910252809524536e-01
1.512909382581710815e-01
1.538377702236175537e-01
1.533543914556503296e-01
1.529275625944137573e-01
1.547531038522720337e-01
1.527634263038635254e-01
1.552426218986511230e-01
1.528761535882949829e-01
1.553183197975158691e-01
1.540251225233078003e-01
1.539863795042037964e-01
1.553750932216644287e-01
1.528633087873458862e-01
1.564664095640182495e-01
1.523414999246597290e-01
1.570978015661239624e-01
1.515953540802001953e-01
1.575775295495986938e-01
1.494036614894866943e-01
1.602021008729934692e-01
1.450232565402984619e-01
1.643177568912506104e-01
1.409510225057601929e-01
1.658682674169540405e-01
1.438110023736953735e-01
1.566780805587768555e-01
1.552219241857528687e-01
1.438448429107666016e-01
1.617916226387023926e-01
1.429871618747711182e-01
1.531035751104354858e-01
1.542588621377944946e-01
1.425106376409530640e-01
1.576125025749206543e-01
1.462987959384918213e-01
1.478732526302337646e-01
1.542447209358215332e-01
1.436623334884643555e-01
1.500586271286010742e-01
1.494544744491577148e-01
1.426628381013870239e-01
1.501014530658721924e-01
1.444429159164428711e-01
1.432734280824661255e-01
1.479047387838363647e-01
1.407843530178070068e-01
1.440277099609375000e-01
1.442282646894454956e-01
1.387122869491577148e-01
1.434216201305389404e-01
1.398150920867919922e-01
1.373413056135177612e-01
1.406554579734802246e-01
1.356270164251327515e-01
1.371477395296096802e-01
1.363428831100463867e-01
1.337502002716064453e-01
1.357034295797348022e-01
1.333065479993820190e-01
1.328937113285064697e-01
1.337811797857284546e-01
1.302291154861450195e-01
1.320855021476745605e-01
1.282700002193450928e-01
1.275794804096221924e-01
1.278447657823562622e-01
1.263725906610488892e-01
1.280348598957061768e-01
1.274493187665939331e-01
1.258071064949035645e-01
1.261677145957946777e-01
1.223928257822990417e-01
1.222594752907752991e-01
1.185663789510726929e-01
1.189616695046424866e-01
1.171179562807083130e-01
1.179245114326477051e-01
1.171149909496307373e-01
1.166564524173736572e-01
1.164370551705360413e-01
1.148935854434967041e-01
1.147596538066864014e-01
1.143551915884017944e-01
1.137281954288482666e-01
1.127837076783180237e-01
1.128180176019668579e-01
1.110010370612144470e-01
1.110149472951889038e-01
1.125005483627319336e-01
1.104261651635169983e-01
1.103510484099388123e-01
1.100296974182128906e-01
1.092292442917823792e-01
1.092463284730911255e-01
1.083679124712944031e-01
1.096197292208671570e-01
1.073392480611801147e-01
1.089628487825393677e-01
1.070811301469802856e-01
1.075133606791496277e-01
1.063466891646385193e-01
1.043962016701698303e-01
1.052047759294509888e-01
1.016558110713958740e-01
1.033654958009719849e-01
1.009806841611862183e-01
1.021415069699287415e-01
9.932961314916610718e-02
1.011589542031288147e-01
9.648487716913223267e-02
1.001451835036277771e-01
9.443434327840805054e-02
9.746678173542022705e-02
9.505227953195571899e-02
9.449510276317596436e-02
9.545357525348663330e-02
9.125462919473648071e-02
9.606760740280151367e-02
8.833987265825271606e-02
9.529098868370056152e-02
8.818482607603073120e-02
9.217955917119979858e-02
8.924963325262069702e-02
8.821836113929748535e-02
8.999090641736984253e-02
8.580297976732254028e-02
8.929824084043502808e-02
8.392590284347534180e-02
8.839064091444015503e-02
8.248341083526611328e-02
8.693453669548034668e-02
8.201523870229721069e-02
8.416899293661117554e-02
8.200724422931671143e-02
8.295262604951858521e-02
8.041814714670181274e-02
8.275373280048370361e-02
7.920904457569122314e-02
8.087253570556640625e-02
7.906524091958999634e-02
7.907773554325103760e-02
7.805984467267990112e-02
7.803720235824584961e-02
7.715081423521041870e-02
7.693701237440109253e-02
7.571063935756683350e-02
7.649791240692138672e-02
7.381023466587066650e-02
7.727973908185958862e-02
7.172264903783798218e-02
7.617991417646408081e-02
7.233192026615142822e-02
7.288028299808502197e-02
7.431271672248840332e-02
7.003682851791381836e-02
7.514735311269760132e-02
6.763818860054016113e-02
7.696831226348876953e-02
6.443106383085250854e-02
7.889524847269058228e-02
6.215365976095199585e-02
7.977280020713806152e-02
6.228473410010337830e-02
7.801502943038940430e-02
6.498216837644577026e-02
7.298479229211807251e-02
7.076130807399749756e-02
6.607774645090103149e-02
7.565813511610031128e-02
6.265147775411605835e-02
7.529474794864654541e-02
6.430544704198837280e-02
6.900655478239059448e-02
6.971877068281173706e-02
6.321940571069717407e-02
7.202923297882080078e-02
6.193897873163223267e-02
6.941692531108856201e-02
6.461694836616516113e-02
6.476640701293945312e-02
6.713472306728363037e-02
6.173701584339141846e-02
6.795768439769744873e-02
6.211051717400550842e-02
6.467448920011520386e-02
6.555374711751937866e-02
6.120863556861877441e-02
6.677945703268051147e-02
6.125356256961822510e-02
6.451711803674697876e-02
6.373906135559082031e-02
6.197104975581169128e-02
6.499455124139785767e-02
6.104522570967674255e-02
6.474014371633529663e-02
6.213339790701866150e-02
6.232696026563644409e-02
6.408366560935974121e-02
6.066397204995155334e-02
6.420857459306716919e-02
6.056191772222518921e-02
6.297238171100616455e-02
6.214838102459907532e-02
6.037817522883415222e-02
6.393161416053771973e-02
5.761284381151199341e-02
6.521626561880111694e-02
5.787253007292747498e-02
6.264062970876693726e-02
6.047394871711730957e-02
6.013486161828041077e-02
6.209750846028327942e-02
5.823922902345657349e-02
6.313510984182357788e-02
5.745819583535194397e-02
6.257233768701553345e-02
5.864504352211952209e-02
6.029418110847473145e-02
6.037327274680137634e-02
5.794207006692886353e-02
6.212678924202919006e-02
5.646261572837829590e-02
6.240373849868774414e-02
5.683929100632667542e-02
6.102557852864265442e-02
5.793747305870056152e-02
5.926545709371566772e-02
5.908571183681488037e-02
5.744750797748565674e-02
6.100432947278022766e-02
5.574002116918563843e-02
6.228943914175033569e-02
5.528483167290687561e-02
6.168893724679946899e-02
5.654278025031089783e-02
5.931755155324935913e-02
5.867076665163040161e-02
5.742865428328514099e-02
5.975427478551864624e-02
5.672447755932807922e-02
6.014041230082511902e-02
5.633030831813812256e-02
5.976813659071922302e-02
5.673265457153320312e-02
5.901510268449783325e-02
5.723962932825088501e-02
5.811802297830581665e-02
5.756004899740219116e-02
5.725922435522079468e-02
5.772596597671508789e-02
5.743362009525299072e-02
5.707233771681785583e-02
5.744594708085060120e-02
5.713002011179924011e-02
5.672705918550491333e-02
5.712954699993133545e-02
5.660397186875343323e-02
5.653060972690582275e-02
5.698545649647712708e-02
5.570234730839729309e-02
5.766292661428451538e-02
5.461889132857322693e-02
5.826229602098464966e-02
5.391287058591842651e-02
5.825768411159515381e-02
5.383791774511337280e-02
5.851373448967933655e-02
5.357727035880088806e-02
5.901024490594863892e-02
5.349098518490791321e-02
5.817721411585807800e-02
5.407629162073135376e-02
5.748451501131057739e-02
5.457421764731407166e-02
5.702217668294906616e-02
5.436709523200988770e-02
5.748997256159782410e-02
5.305730924010276794e-02
5.926434695720672607e-02
5.092321708798408508e-02
6.185114383697509766e-02
4.827721416950225830e-02
6.511469930410385132e-02
4.666467010974884033e-02
6.803948432207107544e-02
4.707752540707588196e-02
6.675418466329574585e-02
5.230406671762466431e-02
5.986804142594337463e-02
6.043702363967895508e-02
5.354975163936614990e-02
6.585117429494857788e-02
5.143450945615768433e-02
6.473504006862640381e-02
5.473722517490386963e-02
5.891111120581626892e-02
5.946145206689834595e-02
5.460488423705101013e-02
6.040767580270767212e-02
5.457853525876998901e-02
5.759009718894958496e-02
5.749752745032310486e-02
5.324758961796760559e-02
6.041462719440460205e-02
5.252585560083389282e-02
5.812751501798629761e-02
5.530173331499099731e-02
5.432067438960075378e-02
5.827608704566955566e-02
5.320955440402030945e-02
5.698459222912788391e-02
5.654124915599822998e-02
5.394496023654937744e-02
5.774141848087310791e-02
5.437728017568588257e-02
5.578319728374481201e-02
5.715629085898399353e-02
5.358736217021942139e-02
5.800267681479454041e-02
5.415106192231178284e-02
5.635353922843933105e-02
5.615198612213134766e-02
5.435005947947502136e-02
5.773303285241127014e-02
5.290389433503150940e-02
5.716570094227790833e-02
5.376692488789558411e-02
5.568217486143112183e-02
5.459493398666381836e-02
5.456993728876113892e-02
5.500300228595733643e-02
5.422020331025123596e-02
5.471198260784149170e-02
5.406925082206726074e-02
5.419334769248962402e-02
5.421048775315284729e-02
5.416924133896827698e-02
5.379346385598182678e-02
5.472037196159362793e-02
5.328366905450820923e-02
5.444625765085220337e-02
5.404471978545188904e-02
5.312746018171310425e-02
5.453594401478767395e-02
5.306929722428321838e-02
5.419100448489189148e-02
5.390417948365211487e-02
5.331771448254585266e-02
5.452185869216918945e-02
5.241190642118453979e-02
5.433223769068717957e-02
5.331100896000862122e-02
5.319148674607276917e-02
5.384903028607368469e-02
5.371302738785743713e-02
5.319944396615028381e-02
5.404751375317573547e-02
5.304215103387832642e-02
5.362784862518310547e-02
5.354461818933486938e-02
5.313250422477722168e-02
5.350333079695701599e-02
5.341844633221626282e-02
5.312785133719444275e-02
5.353932455182075500e-02
5.257600545883178711e-02
5.414184182882308960e-02
5.145337805151939392e-02
5.512549355626106262e-02
5.137468501925468445e-02
5.414941534399986267e-02
5.274708196520805359e-02
5.283366143703460693e-02
5.342420190572738647e-02
5.267399549484252930e-02
5.356862396001815796e-02
5.238435789942741394e-02
5.356102436780929565e-02
5.211186781525611877e-02
5.358791351318359375e-02
5.216249823570251465e-02
5.321149155497550964e-02
5.235776305198669434e-02
5.282127112150192261e-02
5.279249697923660278e-02
5.230244994163513184e-02
5.275125429034233093e-02
5.193027853965759277e-02
5.344620347023010254e-02
5.077557638287544250e-02
5.436962470412254333e-02
5.066998302936553955e-02
5.345714464783668518e-02
5.189240723848342896e-02
5.216543748974800110e-02
5.257309973239898682e-02
5.191015079617500305e-02
5.189204216003417969e-02
5.251721292734146118e-02
5.146846175193786621e-02
5.318897962570190430e-02
5.059644952416419983e-02
5.335778743028640747e-02
5.048146098852157593e-02
5.297083035111427307e-02
5.083738639950752258e-02
5.248175561428070068e-02
5.125802755355834961e-02
5.191241577267646790e-02
5.138470977544784546e-02
5.172382295131683350e-02
5.131866782903671265e-02
5.127394571900367737e-02
5.161231011152267456e-02
5.139551684260368347e-02
5.134302377700805664e-02
5.125480145215988159e-02
5.101588740944862366e-02
5.153403431177139282e-02
5.029300600290298462e-02
5.255005881190299988e-02
4.933639615774154663e-02
5.308991298079490662e-02
4.866156354546546936e-02
5.462406575679779053e-02
4.718823730945587158e-02
5.665077641606330872e-02
4.498527944087982178e-02
6.005889177322387695e-02
4.284039512276649475e-02
6.353132426738739014e-02
4.162621870636940002e-02
6.697402149438858032e-02
4.303616657853126526e-02
6.476349383592605591e-02
4.871690645813941956e-02
5.715133249759674072e-02
5.806155130267143250e-02
4.930102452635765076e-02
6.336494535207748413e-02
4.785693436861038208e-02
5.968370661139488220e-02
5.316186323761940002e-02
5.111237987875938416e-02
5.895502492785453796e-02
4.810199141502380371e-02
5.818924680352210999e-02
5.132623389363288879e-02
5.258564651012420654e-02
5.620078742504119873e-02
4.889713972806930542e-02
5.736760422587394714e-02
5.126545205712318420e-02
5.308483541011810303e-02
5.618230253458023071e-02
5.006600916385650635e-02
5.695382133126258850e-02
5.214931443333625793e-02
5.325248464941978455e-02
5.652071163058280945e-02
5.204905942082405090e-02
5.592932179570198059e-02
5.525808036327362061e-02
5.332408100366592407e-02
5.753687769174575806e-02
5.289339646697044373e-02
5.619150027632713318e-02
5.522102490067481995e-02
5.298386141657829285e-02
5.761806666851043701e-02
5.171715468168258667e-02
5.615222081542015076e-02
5.464290454983711243e-02
5.284886807203292847e-02
5.606962740421295166e-02
5.197960510849952698e-02
5.438466370105743408e-02
5.341351777315139771e-02
5.168078094720840454e-02
5.435424670577049255e-02
5.168490856885910034e-02
5.242465063929557800e-02
5.296598747372627258e-02
5.066326633095741272e-02
5.250040814280509949e-02
5.115727335214614868e-02
5.068017914891242981e-02
5.182982608675956726e-02
5.007939413189888000e-02
5.140035971999168396e-02
5.019515380263328552e-02
5.091037228703498840e-02
5.020077526569366455e-02
5.061255395412445068e-02
4.989968240261077881e-02
5.013022571802139282e-02
4.968590661883354187e-02
5.026672407984733582e-02
4.933953657746315002e-02
5.035059526562690735e-02
4.860280826687812805e-02
5.107368156313896179e-02
4.752409458160400391e-02
5.168038606643676758e-02
4.787477105855941772e-02
5.000422149896621704e-02
4.998544231057167053e-02
4.812939837574958801e-02
5.086468532681465149e-02
4.801170155405998230e-02
5.018022656440734863e-02
4.829419404268264771e-02
5.017758533358573914e-02
4.812116175889968872e-02
5.008492991328239441e-02
4.809869825839996338e-02
5.016905069351196289e-02
4.791644588112831116e-02
5.017026141285896301e-02
4.780627042055130005e-02
4.982579126954078674e-02
4.760434478521347046e-02
5.014900490641593933e-02
4.750991985201835632e-02
4.993476346135139465e-02
4.775065556168556213e-02
4.873393848538398743e-02
4.948316887021064758e-02
4.681966826319694519e-02
5.075918510556221008e-02
4.586041718721389771e-02
5.020134150981903076e-02
4.727574437856674194e-02
4.808064922690391541e-02
4.960366338491439819e-02
4.648427292704582214e-02
4.958939179778099060e-02
4.683154448866844177e-02
4.853248596191406250e-02
4.813367873430252075e-02
4.681471362709999084e-02
4.941102117300033569e-02
4.587938636541366577e-02
4.969773441553115845e-02
4.650537297129631042e-02
4.832924529910087585e-02
4.793876037001609802e-02
4.670528322458267212e-02
4.887726157903671265e-02
4.615630954504013062e-02
4.924521967768669128e-02
4.646815732121467590e-02
4.783937335014343262e-02
4.798457771539688110e-02
4.587944224476814270e-02
4.959142208099365234e-02
4.523112624883651733e-02
4.916944727301597595e-02
4.580602422356605530e-02
4.783722758293151855e-02
4.705430194735527039e-02
4.656476899981498718e-02
4.852239787578582764e-02
4.531056061387062073e-02
4.862838238477706909e-02
4.517792910337448120e-02
4.889756068587303162e-02
4.568025469779968262e-02
4.757873713970184326e-02
4.746180772781372070e-02
4.545621573925018311e-02
4.873171076178550720e-02
4.471969977021217346e-02
4.885232076048851013e-02
4.518397897481918335e-02
4.712900146842002869e-02
4.714902862906455994e-02
4.521230235695838928e-02
4.852676764130592346e-02
4.411432519555091858e-02
4.912918433547019958e-02
4.388495534658432007e-02
4.886811226606369019e-02
4.453159123659133911e-02
4.811247810721397400e-02
4.538952186703681946e-02
4.709748923778533936e-02
4.651147872209548950e-02
4.590151086449623108e-02
4.669724404811859131e-02
4.637273401021957397e-02
4.603382945060729980e-02
4.630561918020248413e-02
4.613505303859710693e-02
4.594579339027404785e-02
4.610131308436393738e-02
4.582279548048973083e-02
4.594257846474647522e-02
4.569122940301895142e-02
4.577440768480300903e-02
4.546428471803665161e-02
4.577456787228584290e-02
4.586304351687431335e-02
4.500460624694824219e-02
4.635963588953018188e-02
4.414751008152961731e-02
4.761865735054016113e-02
4.319790378212928772e-02
4.830249398946762085e-02
4.269463196396827698e-02
4.872119799256324768e-02
4.223947972059249878e-02
4.904799908399581909e-02
4.265804588794708252e-02
4.862867295742034912e-02
4.270704835653305054e-02
4.787723720073699951e-02
4.356677457690238953e-02
4.687712714076042175e-02
4.444101825356483459e-02
4.519417136907577515e-02
4.602556675672531128e-02
4.440341889858245850e-02
4.603001102805137634e-02
4.473261907696723938e-02
4.506286606192588806e-02
4.496970400214195251e-02
4.452713206410408020e-02
4.578661173582077026e-02
4.385969787836074829e-02
4.604844748973846436e-02
4.354507848620414734e-02
4.612417146563529968e-02
4.351681098341941833e-02
4.600451141595840454e-02
4.365148395299911499e-02
4.577180370688438416e-02
4.387138783931732178e-02
4.580041021108627319e-02
4.406809061765670776e-02
4.510242864489555359e-02
4.498943313956260681e-02
4.442939907312393188e-02
4.540152847766876221e-02
4.321679100394248962e-02
4.673242941498756409e-02
4.280365258455276489e-02
4.683992639183998108e-02
4.288959503173828125e-02
4.656318575143814087e-02
4.342183098196983337e-02
4.581774398684501648e-02
4.331135004758834839e-02
4.617990925908088684e-02
4.341107234358787537e-02
4.582567512989044189e-02
4.307461529970169067e-02
4.646587744355201721e-02
4.161060601472854614e-02
4.923340678215026855e-02
3.921051323413848877e-02
5.247569829225540161e-02
3.697346150875091553e-02
5.929115787148475647e-02
3.469540551304817200e-02
6.807089596986770630e-02
3.456270694732666016e-02
6.985333561897277832e-02
4.033648222684860229e-02
5.433978885412216187e-02
5.945916473865509033e-02
4.134350270032882690e-02
6.647554785013198853e-02
4.604893550276756287e-02
5.167048797011375427e-02
6.214487180113792419e-02
4.244595021009445190e-02
6.027597188949584961e-02
5.172931030392646790e-02
4.505430161952972412e-02
5.900834500789642334e-02
4.595537856221199036e-02
4.822760075330734253e-02
5.560276657342910767e-02
4.395190998911857605e-02
5.086960643529891968e-02
5.214609205722808838e-02
4.381918162107467651e-02
5.245792493224143982e-02
4.916634410619735718e-02
4.532223194837570190e-02
5.241371691226959229e-02
4.768803343176841736e-02
4.689903929829597473e-02
5.232259631156921387e-02
4.772520810365676880e-02
4.801373928785324097e-02
5.199101567268371582e-02
4.737229645252227783e-02
4.918739572167396545e-02
5.183140188455581665e-02
4.661940038204193115e-02
4.971681907773017883e-02
5.012227594852447510e-02
4.660937562584877014e-02
4.929930344223976135e-02
4.878367111086845398e-02
4.627043381333351135e-02
4.894867911934852600e-02
4.661894589662551880e-02
4.578114673495292664e-02
4.794287309050559998e-02
4.448803141713142395e-02
4.608072713017463684e-02
4.585145041346549988e-02
4.423715174198150635e-02
4.497883096337318420e-02
4.550435394048690796e-02
4.389422759413719177e-02
4.460036382079124451e-02
4.481949657201766968e-02
4.354891180992126465e-02
4.424010589718818665e-02
4.415230080485343933e-02
4.351481795310974121e-02
4.465644806623458862e-02
4.382574558258056641e-02
4.375829547643661499e-02
4.453330859541893005e-02
4.379479587078094482e-02
4.383140429854393005e-02
4.433935880661010742e-02
4.375500231981277466e-02
4.362053051590919495e-02
4.437868297100067139e-02
4.389880970120429993e-02
4.373485594987869263e-02
4.434170946478843689e-02
4.419599846005439758e-02
4.362718388438224792e-02
4.411747306585311890e-02
4.413996636867523193e-02
4.372148215770721436e-02
4.388263076543807983e-02
4.415679350495338440e-02
4.404789209365844727e-02
4.371779039502143860e-02
4.400932788848876953e-02
4.422570765018463135e-02
4.410473257303237915e-02
4.375166073441505432e-02
4.393954575061798096e-02
4.427227005362510681e-02
4.402977228164672852e-02
4.379252716898918152e-02
4.419149830937385559e-02
4.414401575922966003e-02
4.373248293995857239e-02
4.416538774967193604e-02
4.412894323468208313e-02
4.370193555951118469e-02
4.404602944850921631e-02
4.426134377717971802e-02
4.359888657927513123e-02
4.409139230847358704e-02
4.424778744578361511e-02
4.365177452564239502e-02
4.391485452651977539e-02
4.421964660286903381e-02
4.358307644724845886e-02
4.366583749651908875e-02
4.419586062431335449e-02
4.338033124804496765e-02
4.366279020905494690e-02
4.439895227551460266e-02
4.334235936403274536e-02
4.340358451008796692e-02
4.420593380928039551e-02
4.338283836841583252e-02
4.337095841765403748e-02
4.408657923340797424e-02
4.327476769685745239e-02
4.326702281832695007e-02
4.404684901237487793e-02
4.315881431102752686e-02
4.334105178713798523e-02
4.383639618754386902e-02
4.304889962077140808e-02
