1.865472640000000000e+09
1.362588416000000000e+09
9.363467520000000000e+08
5.629661440000000000e+08
3.641088000000000000e+08
4.587526400000000000e+08
4.860682880000000000e+08
3.533445760000000000e+08
2.408684800000000000e+08
2.279294560000000000e+08
2.465271680000000000e+08
2.057704640000000000e+08
1.333479200000000000e+08
8.602470400000000000e+07
7.706539200000000000e+07
7.226225600000000000e+07
4.540403600000000000e+07
3.151134000000000000e+07
3.931356000000000000e+07
3.621822400000000000e+07
2.978438200000000000e+07
3.509386800000000000e+07
3.361862400000000000e+07
2.321148400000000000e+07
2.359445400000000000e+07
2.153634400000000000e+07
1.501065200000000000e+07
1.693424000000000000e+07
1.226616100000000000e+07
1.101942500000000000e+07
1.167446800000000000e+07
8.384562000000000000e+06
9.069785000000000000e+06
8.717453000000000000e+06
6.487876000000000000e+06
7.558832000000000000e+06
6.274643500000000000e+06
5.589879000000000000e+06
6.395005000000000000e+06
4.971893000000000000e+06
5.423834000000000000e+06
5.218368000000000000e+06
4.410217000000000000e+06
5.251823500000000000e+06
4.023397000000000000e+06
4.422894500000000000e+06
4.105491000000000000e+06
4.321894500000000000e+06
3.934098500000000000e+06
4.144332500000000000e+06
3.868190000000000000e+06
3.845171000000000000e+06
3.805134250000000000e+06
3.613471500000000000e+06
3.718955250000000000e+06
3.468015500000000000e+06
3.659118000000000000e+06
3.381866500000000000e+06
3.517409000000000000e+06
3.268763250000000000e+06
3.393632500000000000e+06
3.155566000000000000e+06
3.247014250000000000e+06
3.070757500000000000e+06
3.125674500000000000e+06
2.995771000000000000e+06
3.029741000000000000e+06
2.893444500000000000e+06
2.905683000000000000e+06
2.809206500000000000e+06
2.815443500000000000e+06
2.728858750000000000e+06
2.738799500000000000e+06
2.655797000000000000e+06
2.653074500000000000e+06
2.583889000000000000e+06
2.582665500000000000e+06
2.516444000000000000e+06
2.516436250000000000e+06
2.455137000000000000e+06
2.459087000000000000e+06
2.404493500000000000e+06
2.391950750000000000e+06
2.346595000000000000e+06
2.317291000000000000e+06
2.283581750000000000e+06
2.256392750000000000e+06
2.230087250000000000e+06
2.192443750000000000e+06
2.170064250000000000e+06
2.131617250000000000e+06
2.108013000000000000e+06
2.075739000000000000e+06
2.046247000000000000e+06
2.018716000000000000e+06
1.988782250000000000e+06
1.963317750000000000e+06
1.935945375000000000e+06
1.907734250000000000e+06
1.883346750000000000e+06
1.859210625000000000e+06
1.834087875000000000e+06
1.810176500000000000e+06
1.785963250000000000e+06
1.759095250000000000e+06
1.740013750000000000e+06
1.714902125000000000e+06
1.688852625000000000e+06
1.672859375000000000e+06
1.647718250000000000e+06
1.621448750000000000e+06
1.609955000000000000e+06
1.581720750000000000e+06
1.556584625000000000e+06
1.537807750000000000e+06
1.514188000000000000e+06
1.494523250000000000e+06
1.475331000000000000e+06
1.460246000000000000e+06
1.432427250000000000e+06
1.416672125000000000e+06
1.398247375000000000e+06
1.366786250000000000e+06
1.346948125000000000e+06
1.336523250000000000e+06
1.307954500000000000e+06
1.278187375000000000e+06
1.264242250000000000e+06
1.241082000000000000e+06
1.211572750000000000e+06
1.192330375000000000e+06
1.176535875000000000e+06
1.154960000000000000e+06
1.134442375000000000e+06
1.114546750000000000e+06
1.091413000000000000e+06
1.064473250000000000e+06
1.036814375000000000e+06
1.016520812500000000e+06
9.964395625000000000e+05
9.751151250000000000e+05
9.596736250000000000e+05
9.508180000000000000e+05
9.463278750000000000e+05
9.305233750000000000e+05
9.073626250000000000e+05
8.825349375000000000e+05
8.562378750000000000e+05
8.351046250000000000e+05
8.241915000000000000e+05
8.340203750000000000e+05
8.677861250000000000e+05
8.948832500000000000e+05
8.850939375000000000e+05
8.386989375000000000e+05
7.631221250000000000e+05
7.133369375000000000e+05
7.030468750000000000e+05
7.138498125000000000e+05
7.369080000000000000e+05
7.612766875000000000e+05
7.649468750000000000e+05
7.514648750000000000e+05
7.337955625000000000e+05
7.049418750000000000e+05
6.802285000000000000e+05
6.519715000000000000e+05
6.200032500000000000e+05
6.259570000000000000e+05
7.228838125000000000e+05
8.981703750000000000e+05
1.042697625000000000e+06
1.064664000000000000e+06
9.495320000000000000e+05
7.362897500000000000e+05
5.637095000000000000e+05
5.877861250000000000e+05
7.670852500000000000e+05
8.756499375000000000e+05
8.163773125000000000e+05
6.619630000000000000e+05
5.275469375000000000e+05
4.964728125000000000e+05
5.423433750000000000e+05
5.733672500000000000e+05
5.557098125000000000e+05
5.033300000000000000e+05
4.560541562500000000e+05
4.394822812500000000e+05
4.492831875000000000e+05
4.665908125000000000e+05
4.736873750000000000e+05
4.648006562500000000e+05
4.414974062500000000e+05
4.218802187500000000e+05
4.095945625000000000e+05
4.018245625000000000e+05
4.057254687500000000e+05
4.269358125000000000e+05
4.399240625000000000e+05
4.204175000000000000e+05
3.948166250000000000e+05
3.810318125000000000e+05
3.785921250000000000e+05
3.858855937500000000e+05
4.008700625000000000e+05
4.128351875000000000e+05
4.070759687500000000e+05
3.821972500000000000e+05
3.591492187500000000e+05
3.629380625000000000e+05
3.742922500000000000e+05
3.678416875000000000e+05
3.525798750000000000e+05
3.444525000000000000e+05
3.455531875000000000e+05
3.496075625000000000e+05
3.512289062500000000e+05
3.503081250000000000e+05
3.477412812500000000e+05
3.381334687500000000e+05
3.269999687500000000e+05
3.249629375000000000e+05
3.316877500000000000e+05
3.452094687500000000e+05
3.582016875000000000e+05
3.691021250000000000e+05
3.807081875000000000e+05
3.984885312500000000e+05
4.439002812500000000e+05
5.494572500000000000e+05
7.713417500000000000e+05
1.140449375000000000e+06
1.652733250000000000e+06
2.043732000000000000e+06
2.035910125000000000e+06
1.254304125000000000e+06
4.402950937500000000e+05
3.758402500000000000e+05
1.019594562500000000e+06
1.432331500000000000e+06
9.479882500000000000e+05
3.350690000000000000e+05
4.346715000000000000e+05
9.072085000000000000e+05
8.869193125000000000e+05
4.174780625000000000e+05
3.065427812500000000e+05
5.425883750000000000e+05
5.317943125000000000e+05
3.158660625000000000e+05
3.131000312500000000e+05
4.589365625000000000e+05
4.195870625000000000e+05
2.806658437500000000e+05
2.960733125000000000e+05
3.869571562500000000e+05
3.523605625000000000e+05
2.603985625000000000e+05
2.760208750000000000e+05
3.352591562500000000e+05
2.966101250000000000e+05
2.392279687500000000e+05
2.649321875000000000e+05
2.919493750000000000e+05
2.650766250000000000e+05
2.331877500000000000e+05
2.287285468750000000e+05
2.397147500000000000e+05
2.360545781250000000e+05
2.212207968750000000e+05
2.165551875000000000e+05
2.269411250000000000e+05
2.330395625000000000e+05
2.271779375000000000e+05
2.119392187500000000e+05
2.023294375000000000e+05
2.032869531250000000e+05
2.031655156250000000e+05
1.973818437500000000e+05
1.940329062500000000e+05
1.962650625000000000e+05
1.978127500000000000e+05
1.960892500000000000e+05
1.932589531250000000e+05
1.898368125000000000e+05
1.866774375000000000e+05
1.828401250000000000e+05
1.784841250000000000e+05
1.753047031250000000e+05
1.733039062500000000e+05
1.712526718750000000e+05
1.684988281250000000e+05
1.653886875000000000e+05
1.623612187500000000e+05
1.590727812500000000e+05
1.564682656250000000e+05
1.532278750000000000e+05
1.475278125000000000e+05
1.443956406250000000e+05
1.431379218750000000e+05
1.349162187500000000e+05
1.278898359375000000e+05
1.225834531250000000e+05
1.177393125000000000e+05
1.129840312500000000e+05
1.089318750000000000e+05
1.064577500000000000e+05
1.041912656250000000e+05
9.855748437500000000e+04
8.757798437500000000e+04
7.830860156250000000e+04
7.213676562500000000e+04
7.309275781250000000e+04
7.682913281250000000e+04
7.402206250000000000e+04
6.608849218750000000e+04
6.053775390625000000e+04
6.015264062500000000e+04
6.473312500000000000e+04
7.855310937500000000e+04
9.667040625000000000e+04
1.016052656250000000e+05
8.630398437500000000e+04
6.015245312500000000e+04
4.316242968750000000e+04
4.144867578125000000e+04
5.552938671875000000e+04
9.114217968750000000e+04
1.389958750000000000e+05
1.699804843750000000e+05
1.556584062500000000e+05
1.067472343750000000e+05
5.939528515625000000e+04
3.291786718750000000e+04
3.499627343750000000e+04
5.146053125000000000e+04
6.526351562500000000e+04
7.663672656250000000e+04
8.462196875000000000e+04
8.845119531250000000e+04
8.608420312500000000e+04
7.462028125000000000e+04
5.270585156250000000e+04
3.645345312500000000e+04
3.117818750000000000e+04
3.101282617187500000e+04
3.585548437500000000e+04
4.042927343750000000e+04
3.607754687500000000e+04
2.778458593750000000e+04
2.256589257812500000e+04
2.006904492187500000e+04
1.966501953125000000e+04
1.947320507812500000e+04
1.859138085937500000e+04
1.864511328125000000e+04
2.128275390625000000e+04
2.619598828125000000e+04
4.135791015625000000e+04
6.641154687500000000e+04
7.595164062500000000e+04
5.760406640625000000e+04
2.652680273437500000e+04
1.555219335937500000e+04
3.389490234375000000e+04
6.648275781250000000e+04
1.147884453125000000e+05
1.951601718750000000e+05
3.180390000000000000e+05
4.674002187500000000e+05
6.400334375000000000e+05
7.662931250000000000e+05
8.270081875000000000e+05
7.337186875000000000e+05
5.522762500000000000e+05
2.939567500000000000e+05
7.490651562500000000e+04
1.725016015625000000e+04
1.507490937500000000e+05
3.533974375000000000e+05
4.529250312500000000e+05
3.871646250000000000e+05
1.742843750000000000e+05
2.062284570312500000e+04
5.073971875000000000e+04
1.767513437500000000e+05
2.568516718750000000e+05
2.192111406250000000e+05
1.109366718750000000e+05
2.565209179687500000e+04
1.319588867187500000e+04
5.475807031250000000e+04
1.067301250000000000e+05
1.147214453125000000e+05
5.771458203125000000e+04
1.061971484375000000e+04
2.867277343750000000e+04
7.729304687500000000e+04
9.182260937500000000e+04
5.829376562500000000e+04
1.924490625000000000e+04
8.898550781250000000e+03
2.408218750000000000e+04
4.197821875000000000e+04
4.749923828125000000e+04
3.377713281250000000e+04
1.242102734375000000e+04
9.416736328125000000e+03
2.588719531250000000e+04
3.991968359375000000e+04
4.304324218750000000e+04
3.221947265625000000e+04
1.381088085937500000e+04
7.418710449218750000e+03
2.619485937500000000e+04
7.889312500000000000e+04
1.471341406250000000e+05
1.673524062500000000e+05
1.092953593750000000e+05
4.069123046875000000e+04
8.563699218750000000e+03
1.027860156250000000e+04
3.037787890625000000e+04
5.870859375000000000e+04
8.381990625000000000e+04
8.751458593750000000e+04
6.270471875000000000e+04
2.715513281250000000e+04
7.368030273437500000e+03
1.058592187500000000e+04
3.675182421875000000e+04
7.516150781250000000e+04
9.971354687500000000e+04
9.753798437500000000e+04
7.243652343750000000e+04
4.218328125000000000e+04
1.869325390625000000e+04
6.821403320312500000e+03
6.864451171875000000e+03
2.450245898437500000e+04
6.338492968750000000e+04
1.077418437500000000e+05
1.360965312500000000e+05
1.317943750000000000e+05
9.944228125000000000e+04
4.857351171875000000e+04
1.338544628906250000e+04
5.036596679687500000e+03
1.326591210937500000e+04
2.397638671875000000e+04
3.360469921875000000e+04
4.066208203125000000e+04
3.969527734375000000e+04
3.220409765625000000e+04
2.307274023437500000e+04
1.547738964843750000e+04
9.769466796875000000e+03
6.137030273437500000e+03
4.354805175781250000e+03
4.702458007812500000e+03
4.699656250000000000e+03
4.251370117187500000e+03
4.659999511718750000e+03
4.562482421875000000e+03
4.131322265625000000e+03
4.586244628906250000e+03
4.646836914062500000e+03
4.168880859375000000e+03
4.186064453125000000e+03
6.120600097656250000e+03
1.094403906250000000e+04
2.039646484375000000e+04
3.459725781250000000e+04
4.880702343750000000e+04
5.463508984375000000e+04
5.684764453125000000e+04
6.024611718750000000e+04
6.831615625000000000e+04
8.057494531250000000e+04
8.796164843750000000e+04
7.623010937500000000e+04
5.610737500000000000e+04
4.101276562500000000e+04
2.968448046875000000e+04
2.108237304687500000e+04
2.046275000000000000e+04
2.589390625000000000e+04
4.175123046875000000e+04
7.839407812500000000e+04
1.479897812500000000e+05
2.584272031250000000e+05
4.311083750000000000e+05
6.452767500000000000e+05
8.921159375000000000e+05
1.092560375000000000e+06
1.271917500000000000e+06
1.156630500000000000e+06
8.090346250000000000e+05
3.259451250000000000e+05
3.488966796875000000e+04
4.642285546875000000e+04
2.677238437500000000e+05
5.085557812500000000e+05
5.502247500000000000e+05
3.858437500000000000e+05
1.399721406250000000e+05
1.159544921875000000e+04
2.615584375000000000e+04
8.898489062500000000e+04
1.038954609375000000e+05
5.886767578125000000e+04
9.472193359375000000e+03
1.933420507812500000e+04
1.049258750000000000e+05
1.760743125000000000e+05
1.384205781250000000e+05
5.628243750000000000e+04
5.431773437500000000e+03
2.327093164062500000e+04
6.813550000000000000e+04
6.228526953125000000e+04
1.541075683593750000e+04
7.163607421875000000e+03
3.446493750000000000e+04
4.227820312500000000e+04
1.946888281250000000e+04
3.040998535156250000e+03
2.245357812500000000e+04
5.222603906250000000e+04
5.395439843750000000e+04
2.953703320312500000e+04
6.838722656250000000e+03
5.126456054687500000e+03
2.462519335937500000e+04
5.421247265625000000e+04
6.419356250000000000e+04
4.517357812500000000e+04
2.195850781250000000e+04
9.120968750000000000e+03
3.466056640625000000e+03
2.943915039062500000e+03
3.972449218750000000e+03
4.042998779296875000e+03
3.858364990234375000e+03
3.104661621093750000e+03
2.740723632812500000e+03
2.650917968750000000e+03
2.771180664062500000e+03
4.303818847656250000e+03
7.212992675781250000e+03
8.000423828125000000e+03
4.343289062500000000e+03
2.966892822265625000e+03
7.351196289062500000e+03
9.327388671875000000e+03
7.626099609375000000e+03
3.897336914062500000e+03
2.525123535156250000e+03
5.028489746093750000e+03
1.075960058593750000e+04
1.470743554687500000e+04
8.734040039062500000e+03
2.864966796875000000e+03
2.785401367187500000e+03
2.836073242187500000e+03
2.469063476562500000e+03
3.740207031250000000e+03
4.824882812500000000e+03
4.082174560546875000e+03
2.560079101562500000e+03
2.408173828125000000e+03
2.767520751953125000e+03
2.416966796875000000e+03
2.345258300781250000e+03
2.723442626953125000e+03
3.828985351562500000e+03
7.168695312500000000e+03
1.614455468750000000e+04
3.243268750000000000e+04
4.177601562500000000e+04
3.084426757812500000e+04
1.316384960937500000e+04
3.361801757812500000e+03
2.322727050781250000e+03
3.314742675781250000e+03
4.085454101562500000e+03
5.253022949218750000e+03
6.439375488281250000e+03
7.549617187500000000e+03
8.444215820312500000e+03
8.096986816406250000e+03
6.263560546875000000e+03
4.497755371093750000e+03
3.266349853515625000e+03
2.199926757812500000e+03
2.166250244140625000e+03
2.706141845703125000e+03
3.453002441406250000e+03
6.669398925781250000e+03
1.519351757812500000e+04
2.857900000000000000e+04
3.712722656250000000e+04
2.881914257812500000e+04
1.404759375000000000e+04
4.340091796875000000e+03
2.012313720703125000e+03
2.730939941406250000e+03
2.159844482421875000e+03
2.251497314453125000e+03
4.045848144531250000e+03
7.587928710937500000e+03
1.494315625000000000e+04
2.130614648437500000e+04
2.366107226562500000e+04
2.126713671875000000e+04
1.681435351562500000e+04
1.189553710937500000e+04
7.648968261718750000e+03
4.447529296875000000e+03
2.724667968750000000e+03
2.447200683593750000e+03
2.192858642578125000e+03
1.922101440429687500e+03
1.986812500000000000e+03
2.020137939453125000e+03
1.793249755859375000e+03
1.804812988281250000e+03
1.762652954101562500e+03
2.059392089843750000e+03
3.743431640625000000e+03
9.971179687500000000e+03
2.245609765625000000e+04
3.494043750000000000e+04
4.863642578125000000e+04
7.503243750000000000e+04
1.226563515625000000e+05
1.933520468750000000e+05
3.035085000000000000e+05
4.630632812500000000e+05
7.080665625000000000e+05
9.534483750000000000e+05
1.273674875000000000e+06
1.506871500000000000e+06
1.680102000000000000e+06
1.404815000000000000e+06
9.550032500000000000e+05
3.874723750000000000e+05
3.809303515625000000e+04
6.968263281250000000e+04
3.634460000000000000e+05
5.995611250000000000e+05
5.116963125000000000e+05
2.260101093750000000e+05
1.260849804687500000e+04
7.610350781250000000e+04
2.622002500000000000e+05
3.334851875000000000e+05
2.160556093750000000e+05
4.888504687500000000e+04
8.604131835937500000e+03
1.052638828125000000e+05
2.011410937500000000e+05
1.691969687500000000e+05
5.033121875000000000e+04
4.646158203125000000e+03
6.918529687500000000e+04
1.322071875000000000e+05
1.060540000000000000e+05
2.710215625000000000e+04
6.603250976562500000e+03
4.814274218750000000e+04
5.174883593750000000e+04
1.575069531250000000e+04
3.432690673828125000e+03
3.048207812500000000e+04
5.712026562500000000e+04
4.707312500000000000e+04
1.444613476562500000e+04
3.243897705078125000e+03
3.571080078125000000e+04
7.991450000000000000e+04
7.522325781250000000e+04
2.433864648437500000e+04
2.004068359375000000e+03
2.076741992187500000e+04
3.948990625000000000e+04
3.162620117187500000e+04
9.615897460937500000e+03
2.472688720703125000e+03
1.645757031250000000e+04
2.275267382812500000e+04
1.010415820312500000e+04
1.712568603515625000e+03
7.692911132812500000e+03
1.426197851562500000e+04
9.112207031250000000e+03
2.012677856445312500e+03
3.712657714843750000e+03
8.540707031250000000e+03
8.964362304687500000e+03
6.598662109375000000e+03
4.482531250000000000e+03
3.052809082031250000e+03
2.505341796875000000e+03
2.483171875000000000e+03
2.247923339843750000e+03
1.883981323242187500e+03
2.234567871093750000e+03
3.095795898437500000e+03
4.446351562500000000e+03
7.732876953125000000e+03
1.575797167968750000e+04
3.143886718750000000e+04
4.940102343750000000e+04
5.173337500000000000e+04
2.838326562500000000e+04
4.701101074218750000e+03
4.499407226562500000e+03
1.931274023437500000e+04
2.741926757812500000e+04
2.139624218750000000e+04
1.459426367187500000e+04
1.299392285156250000e+04
1.364098828125000000e+04
1.375390917968750000e+04
1.333823632812500000e+04
1.420153222656250000e+04
1.574086230468750000e+04
1.731601171875000000e+04
1.840061328125000000e+04
1.638961328125000000e+04
1.583746679687500000e+04
1.920308984375000000e+04
2.265079296875000000e+04
2.157782031250000000e+04
1.796371484375000000e+04
8.887513671875000000e+03
1.371256835937500000e+03
1.132968554687500000e+04
3.633458203125000000e+04
6.355073437500000000e+04
6.760032812500000000e+04
4.227367187500000000e+04
1.138153125000000000e+04
1.942109130859375000e+03
1.841279101562500000e+04
3.121106250000000000e+04
2.800961132812500000e+04
1.641361132812500000e+04
4.360296386718750000e+03
2.169416015625000000e+03
1.391079394531250000e+04
3.182263867187500000e+04
4.393195312500000000e+04
3.979684375000000000e+04
2.081880078125000000e+04
4.633424804687500000e+03
2.049862060546875000e+03
1.077052539062500000e+04
2.038629492187500000e+04
2.845077343750000000e+04
2.855728710937500000e+04
1.514090722656250000e+04
2.414555175781250000e+03
5.705937500000000000e+03
2.828829492187500000e+04
5.175864843750000000e+04
5.484156250000000000e+04
4.240353906250000000e+04
2.251246093750000000e+04
6.496186035156250000e+03
1.199596923828125000e+03
5.819449218750000000e+03
2.184350000000000000e+04
3.304609765625000000e+04
3.624796093750000000e+04
4.065082031250000000e+04
3.783413281250000000e+04
2.033362500000000000e+04
3.507061523437500000e+03
4.443948242187500000e+03
2.302570117187500000e+04
4.202651953125000000e+04
5.001137109375000000e+04
4.606713671875000000e+04
2.389353515625000000e+04
3.564495605468750000e+03
3.826524902343750000e+03
2.071675390625000000e+04
4.671461718750000000e+04
7.087717187500000000e+04
8.560932812500000000e+04
8.209764062500000000e+04
6.749796875000000000e+04
4.664960937500000000e+04
2.878392968750000000e+04
1.560536425781250000e+04
4.868207519531250000e+03
1.142126953125000000e+03
2.738474121093750000e+03
2.043855712890625000e+03
1.059416748046875000e+03
1.386397460937500000e+03
1.212499267578125000e+03
1.015224304199218750e+03
1.129054443359375000e+03
1.151344848632812500e+03
1.140601806640625000e+03
1.147290771484375000e+03
1.175851196289062500e+03
1.218142578125000000e+03
1.360253051757812500e+03
1.030964721679687500e+03
1.816039184570312500e+03
4.941497070312500000e+03
1.102166699218750000e+04
2.578229101562500000e+04
4.760489062500000000e+04
6.762792968750000000e+04
8.725692187500000000e+04
1.024405156250000000e+05
1.208671796875000000e+05
1.339862656250000000e+05
1.311757500000000000e+05
1.144751171875000000e+05
1.059388281250000000e+05
9.147359375000000000e+04
6.665139062500000000e+04
4.211752343750000000e+04
2.398533984375000000e+04
7.752714843750000000e+03
1.080616943359375000e+03
5.586769531250000000e+03
9.092541992187500000e+03
6.706497558593750000e+03
2.527103027343750000e+03
1.116834960937500000e+03
1.242248168945312500e+03
3.071321044921875000e+03
8.036793945312500000e+03
1.308892578125000000e+04
1.745052539062500000e+04
2.061730468750000000e+04
2.199205078125000000e+04
2.070423046875000000e+04
1.825380078125000000e+04
1.466882128906250000e+04
1.198109667968750000e+04
1.137935839843750000e+04
1.023758398437500000e+04
5.920694824218750000e+03
1.615223876953125000e+03
1.159312744140625000e+03
2.763916503906250000e+03
8.592742187500000000e+03
2.364569921875000000e+04
3.883969531250000000e+04
4.387959765625000000e+04
4.481939843750000000e+04
4.181133203125000000e+04
3.281000781250000000e+04
2.200891406250000000e+04
1.808496875000000000e+04
2.076806835937500000e+04
2.234767968750000000e+04
1.924376171875000000e+04
2.006896289062500000e+04
2.758080078125000000e+04
5.012213281250000000e+04
1.115164140625000000e+05
2.321764687500000000e+05
3.876057500000000000e+05
6.407778750000000000e+05
1.044683875000000000e+06
1.781358625000000000e+06
2.587473000000000000e+06
3.692543500000000000e+06
3.755545500000000000e+06
3.142949500000000000e+06
1.241299625000000000e+06
6.331973828125000000e+04
3.977959375000000000e+05
1.302312500000000000e+06
1.391656750000000000e+06
4.272955625000000000e+05
2.798499218750000000e+04
6.566247500000000000e+05
9.977672500000000000e+05
4.685611250000000000e+05
5.754009277343750000e+03
3.345188125000000000e+05
5.364026250000000000e+05
1.599306718750000000e+05
2.392179687500000000e+04
2.886451875000000000e+05
2.726886250000000000e+05
2.745708789062500000e+04
8.598632812500000000e+04
2.435228281250000000e+05
1.130605312500000000e+05
3.908132568359375000e+03
1.051215937500000000e+05
1.137105781250000000e+05
1.138711523437500000e+04
3.488345312500000000e+04
8.063695312500000000e+04
1.921784765625000000e+04
1.310533789062500000e+04
5.896406250000000000e+04
3.366127734375000000e+04
2.344986328125000000e+03
5.088004687500000000e+04
5.542923046875000000e+04
5.721999023437500000e+03
1.663038281250000000e+04
3.400110156250000000e+04
9.150473632812500000e+03
5.063444335937500000e+03
2.543338671875000000e+04
2.211082421875000000e+04
2.965097167968750000e+03
9.426443359375000000e+03
2.963910156250000000e+04
2.276882226562500000e+04
3.986782714843750000e+03
3.091928222656250000e+03
5.783304687500000000e+03
1.043161132812500000e+03
5.665208984375000000e+03
5.943953125000000000e+03
1.184940795898437500e+03
3.467223632812500000e+03
4.097513671875000000e+03
1.467067382812500000e+03
1.353745849609375000e+03
3.864505126953125000e+03
4.774485351562500000e+03
1.520469116210937500e+03
1.765924072265625000e+03
3.141097412109375000e+03
1.475323242187500000e+03
1.165455566406250000e+03
2.118558593750000000e+03
1.039394775390625000e+03
1.741386230468750000e+03
2.353923583984375000e+03
9.318724365234375000e+02
1.470333618164062500e+03
1.308561767578125000e+03
1.101329101562500000e+03
1.970988281250000000e+03
1.056107177734375000e+03
1.071172973632812500e+03
1.137854736328125000e+03
8.370615234375000000e+02
9.809611816406250000e+02
8.768806152343750000e+02
1.143985839843750000e+03
8.396256103515625000e+02
9.122490844726562500e+02
8.658346557617187500e+02
1.082351318359375000e+03
8.253829956054687500e+02
1.089306640625000000e+03
7.660586547851562500e+02
1.154322265625000000e+03
9.147918701171875000e+02
9.170683593750000000e+02
1.401142944335937500e+03
9.206529541015625000e+02
9.331776733398437500e+02
1.316882080078125000e+03
7.712733154296875000e+02
1.485738769531250000e+03
1.828013427734375000e+03
7.829687500000000000e+02
1.356854980468750000e+03
1.393267333984375000e+03
7.326709594726562500e+02
1.666085449218750000e+03
1.123315063476562500e+03
9.868972778320312500e+02
2.561014404296875000e+03
1.687328125000000000e+03
1.025927978515625000e+03
3.639998779296875000e+03
1.647767822265625000e+03
1.346952880859375000e+03
3.246451904296875000e+03
1.229583007812500000e+03
1.380532958984375000e+03
3.066104003906250000e+03
1.236216796875000000e+03
1.488968750000000000e+03
3.409537841796875000e+03
1.577800292968750000e+03
9.235498657226562500e+02
2.323427978515625000e+03
1.576342529296875000e+03
