9.744594097137451172e-01
9.700576663017272949e-01
9.688735604286193848e-01
9.700423479080200195e-01
9.675590395927429199e-01
9.612887501716613770e-01
9.497715234756469727e-01
9.345517754554748535e-01
9.160714149475097656e-01
8.973889350891113281e-01
8.814455270767211914e-01
8.687527775764465332e-01
8.614032268524169922e-01
8.495286107063293457e-01
8.313350677490234375e-01
8.027924895286560059e-01
7.644385099411010742e-01
7.216199040412902832e-01
6.827381849288940430e-01
6.534634232521057129e-01
6.339796781539916992e-01
6.198210120201110840e-01
6.022773385047912598e-01
5.739876031875610352e-01
5.355980992317199707e-01
4.971399307250976562e-01
4.737650752067565918e-01
4.664340317249298096e-01
4.681092798709869385e-01
4.703350961208343506e-01
4.686002135276794434e-01
4.634061455726623535e-01
4.590898454189300537e-01
4.601862132549285889e-01
4.677462577819824219e-01
4.786577820777893066e-01
4.885671138763427734e-01
4.933248758316040039e-01
4.918090105056762695e-01
4.863423407077789307e-01
4.800207316875457764e-01
4.740806221961975098e-01
4.680616557598114014e-01
4.593578279018402100e-01
4.481686651706695557e-01
4.352761209011077881e-01
4.212403893470764160e-01
4.068897664546966553e-01
3.926264345645904541e-01
3.749361634254455566e-01
3.702512979507446289e-01
3.612956404685974121e-01
3.559572100639343262e-01
3.548146486282348633e-01
3.558362722396850586e-01
3.556872308254241943e-01
3.522560596466064453e-01
3.466973006725311279e-01
3.419784903526306152e-01
3.399567604064941406e-01
3.399845063686370850e-01
3.397115767002105713e-01
3.370372951030731201e-01
3.315621912479400635e-01
3.247046172618865967e-01
3.186115622520446777e-01
3.146049082279205322e-01
3.125445246696472168e-01
3.105184733867645264e-01
3.069698512554168701e-01
3.015950322151184082e-01
2.954952418804168701e-01
2.903422415256500244e-01
2.871322631835937500e-01
2.854811847209930420e-01
2.840416431427001953e-01
2.815919220447540283e-01
2.779398560523986816e-01
2.739881575107574463e-01
2.709685862064361572e-01
2.694474160671234131e-01
2.689019739627838135e-01
2.681934833526611328e-01
2.664972841739654541e-01
2.639021873474121094e-01
2.612545788288116455e-01
2.593968510627746582e-01
2.584517598152160645e-01
2.577497959136962891e-01
2.564405500888824463e-01
2.542127966880798340e-01
2.515198290348052979e-01
2.491415441036224365e-01
2.474981546401977539e-01
2.463167160749435425e-01
2.449418008327484131e-01
2.429641634225845337e-01
2.405860275030136108e-01
2.384116351604461670e-01
2.368815839290618896e-01
2.358904331922531128e-01
2.349235117435455322e-01
2.335811704397201538e-01
2.319277375936508179e-01
2.304012328386306763e-01
2.293470799922943115e-01
2.287103533744812012e-01
2.279964089393615723e-01
2.268838286399841309e-01
2.255449295043945312e-01
2.242829799652099609e-01
2.233357131481170654e-01
2.225597947835922241e-01
2.216256409883499146e-01
2.203438133001327515e-01
2.188553959131240845e-01
2.174666523933410645e-01
2.163008451461791992e-01
2.151797860860824585e-01
2.139092087745666504e-01
2.125242054462432861e-01
2.111516296863555908e-01
2.099097818136215210e-01
2.088613361120223999e-01
2.078064382076263428e-01
2.066088169813156128e-01
2.064864039421081543e-01
2.050507515668869019e-01
2.028515189886093140e-01
2.013339549303054810e-01
2.010381072759628296e-01
2.010879218578338623e-01
2.003028541803359985e-01
1.989494115114212036e-01
1.983988434076309204e-01
2.021922320127487183e-01
1.934959888458251953e-01
1.947831511497497559e-01
1.988242417573928833e-01
1.964457035064697266e-01
1.909715384244918823e-01
1.893856227397918701e-01
1.916962862014770508e-01
1.926029175519943237e-01
1.895630359649658203e-01
1.857398748397827148e-01
1.846962124109268188e-01
1.858291476964950562e-01
1.857661008834838867e-01
1.831726133823394775e-01
1.802282631397247314e-01
1.793043911457061768e-01
1.807948499917984009e-01
1.799421906471252441e-01
1.764949262142181396e-01
1.733059287071228027e-01
1.720915287733078003e-01
1.715260446071624756e-01
1.695956885814666748e-01
1.665400862693786621e-01
1.643534749746322632e-01
1.639834791421890259e-01
1.640885025262832642e-01
1.629667729139328003e-01
1.607563346624374390e-01
1.589166074991226196e-01
1.581739336252212524e-01
1.577367037534713745e-01
1.567294150590896606e-01
1.550895422697067261e-01
1.541043072938919067e-01
1.538798213005065918e-01
1.533306390047073364e-01
1.518645882606506348e-01
1.502683311700820923e-01
1.494554579257965088e-01
1.491577774286270142e-01
1.483718454837799072e-01
1.468879580497741699e-01
1.455457806587219238e-01
1.448470056056976318e-01
1.442056447267532349e-01
1.429350972175598145e-01
1.413623541593551636e-01
1.402450501918792725e-01
1.395677030086517334e-01
1.386450827121734619e-01
1.372729539871215820e-01
1.360331624746322632e-01
1.353085488080978394e-01
1.346977502107620239e-01
1.337051987648010254e-01
1.325511932373046875e-01
1.317373961210250854e-01
1.311786472797393799e-01
1.303617358207702637e-01
1.292290687561035156e-01
1.282443106174468994e-01
1.275724321603775024e-01
1.268485635519027710e-01
1.258706599473953247e-01
1.249635517597198486e-01
1.243877187371253967e-01
1.238793060183525085e-01
1.231374591588973999e-01
1.223464235663414001e-01
1.217921525239944458e-01
1.212943941354751587e-01
1.205623447895050049e-01
1.197559908032417297e-01
1.191618144512176514e-01
1.186582595109939575e-01
1.180121600627899170e-01
1.173560321331024170e-01
1.168904826045036316e-01
1.164753511548042297e-01
1.159032359719276428e-01
1.153041794896125793e-01
1.148569658398628235e-01
1.144002005457878113e-01
1.138095408678054810e-01
1.132559329271316528e-01
1.128405034542083740e-01
1.123808324337005615e-01
1.118387207388877869e-01
1.113974824547767639e-01
1.110202297568321228e-01
1.105599328875541687e-01
1.100755482912063599e-01
1.096821203827857971e-01
1.092554479837417603e-01
1.087336391210556030e-01
1.082568317651748657e-01
1.078202873468399048e-01
1.073166653513908386e-01
1.068434640765190125e-01
1.064788177609443665e-01
1.060883030295372009e-01
1.056582182645797729e-01
1.052864268422126770e-01
1.048770919442176819e-01
1.044023483991622925e-01
1.039987653493881226e-01
1.036078929901123047e-01
1.031959578394889832e-01
1.028583347797393799e-01
1.025222614407539368e-01
1.021335422992706299e-01
1.017928197979927063e-01
1.014340519905090332e-01
1.010394766926765442e-01
1.007059887051582336e-01
1.003416553139686584e-01
9.996969252824783325e-02
9.964814782142639160e-02
9.927908331155776978e-02
9.894175082445144653e-02
9.861332178115844727e-02
9.823540598154067993e-02
9.792241454124450684e-02
9.754169732332229614e-02
9.720352292060852051e-02
9.686275571584701538e-02
9.650172293186187744e-02
9.621492028236389160e-02
9.586744010448455811e-02
9.557558596134185791e-02
9.523092955350875854e-02
9.491063654422760010e-02
9.457019716501235962e-02
9.425394237041473389e-02
9.393951296806335449e-02
9.365670382976531982e-02
9.336020797491073608e-02
9.308180958032608032e-02
9.274496883153915405e-02
9.246368706226348877e-02
9.209248423576354980e-02
9.189151972532272339e-02
9.142584353685379028e-02
9.148168563842773438e-02
9.058412909507751465e-02
9.132163971662521362e-02
8.966835588216781616e-02
9.073678404092788696e-02
8.990250527858734131e-02
8.936908841133117676e-02
9.012873470783233643e-02
8.904263377189636230e-02
8.908356726169586182e-02
8.941601216793060303e-02
8.835852146148681641e-02
8.861964195966720581e-02
8.857023715972900391e-02
8.765256404876708984e-02
8.801562339067459106e-02
8.774729818105697632e-02
8.705052733421325684e-02
8.740244805812835693e-02
8.694125711917877197e-02
8.642271906137466431e-02
8.667101711034774780e-02
8.607700467109680176e-02
8.576170355081558228e-02
8.588335663080215454e-02
8.524418622255325317e-02
8.511061966419219971e-02
8.507482707500457764e-02
8.451773971319198608e-02
8.481243997812271118e-02
8.403852581977844238e-02
8.398694545030593872e-02
8.383113145828247070e-02
8.318652957677841187e-02
8.340930193662643433e-02
8.293714374303817749e-02
8.273011445999145508e-02
8.279018849134445190e-02
8.216533809900283813e-02
8.220721036195755005e-02
8.182378858327865601e-02
8.142438530921936035e-02
8.145137131214141846e-02
8.090732991695404053e-02
8.088169991970062256e-02
8.061807602643966675e-02
8.024296164512634277e-02
8.022996783256530762e-02
7.970083504915237427e-02
7.961033284664154053e-02
7.928223907947540283e-02
7.894923537969589233e-02
7.887817919254302979e-02
7.843260467052459717e-02
7.838593423366546631e-02
7.802235335111618042e-02
7.780846953392028809e-02
7.759921997785568237e-02
7.722235471010208130e-02
7.712012529373168945e-02
7.671087980270385742e-02
7.661900669336318970e-02
7.626444101333618164e-02
7.610726356506347656e-02
7.584874331951141357e-02
7.558410614728927612e-02
7.539590448141098022e-02
7.506270706653594971e-02
7.495097815990447998e-02
7.457396388053894043e-02
7.452069967985153198e-02
7.407462596893310547e-02
7.409609854221343994e-02
7.355611026287078857e-02
7.369912415742874146e-02
7.299498468637466431e-02
7.336333394050598145e-02
7.241605222225189209e-02
7.308667153120040894e-02
7.190238684415817261e-02
7.270111143589019775e-02
7.165749371051788330e-02
7.207178324460983276e-02
7.169245183467864990e-02
7.136282324790954590e-02
7.165352255105972290e-02
7.082786411046981812e-02
7.128160446882247925e-02
7.057222723960876465e-02
7.062665373086929321e-02
7.047022134065628052e-02
7.000945508480072021e-02
7.028452306985855103e-02
6.962141394615173340e-02
6.984546780586242676e-02
6.938172131776809692e-02
6.923433393239974976e-02
6.916987895965576172e-02
6.868297606706619263e-02
6.885630637407302856e-02
6.828441470861434937e-02
6.841190159320831299e-02
6.800550967454910278e-02
6.788888573646545410e-02
6.772503256797790527e-02
6.737241894006729126e-02
6.740145385265350342e-02
6.693933904170989990e-02
6.701178103685379028e-02
6.655528396368026733e-02
6.657792627811431885e-02
6.621813774108886719e-02
6.613864004611968994e-02
6.588297337293624878e-02
6.569366157054901123e-02
6.554902344942092896e-02
6.527014821767807007e-02
6.519766151905059814e-02
6.483962386846542358e-02
6.484200060367584229e-02
6.442838162183761597e-02
6.451179087162017822e-02
6.400092691183090210e-02
6.420056521892547607e-02
6.356212496757507324e-02
6.394378095865249634e-02
6.309866905212402344e-02
6.374384462833404541e-02
6.262000650167465210e-02
6.355151534080505371e-02
6.224459782242774963e-02
6.327258795499801636e-02
6.215778365731239319e-02
6.275840848684310913e-02
6.232661381363868713e-02
6.216131150722503662e-02
6.246469169855117798e-02
6.167579814791679382e-02
6.226474791765213013e-02
6.143721193075180054e-02
6.177249550819396973e-02
6.142987310886383057e-02
6.120892986655235291e-02
6.140881031751632690e-02
6.078647822141647339e-02
6.116827577352523804e-02
6.054714694619178772e-02
6.070097535848617554e-02
6.041378527879714966e-02
6.020667031407356262e-02
6.029294803738594055e-02
5.982171371579170227e-02
6.004379689693450928e-02
5.954179540276527405e-02
5.966983363032341003e-02
5.933346971869468689e-02
5.922105163335800171e-02
5.912170931696891785e-02
5.882030352950096130e-02
5.889914557337760925e-02
5.849272385239601135e-02
5.861672386527061462e-02
5.820319429039955139e-02
5.828480422496795654e-02
5.795657262206077576e-02
5.793738737702369690e-02
5.770974606275558472e-02
5.758148059248924255e-02
5.745371058583259583e-02
5.724212154746055603e-02
5.720354244112968445e-02
5.691921710968017578e-02
5.694459378719329834e-02
5.659652873873710632e-02
5.668503418564796448e-02
5.627539381384849548e-02
5.644204467535018921e-02
5.594295263290405273e-02
5.622988194227218628e-02
5.558408796787261963e-02
5.604718625545501709e-02
5.520549789071083069e-02
5.593796819448471069e-02
5.480039492249488831e-02
5.591130629181861877e-02
5.444339662790298462e-02
5.586135014891624451e-02
5.432449281215667725e-02
5.557846650481224060e-02
5.462463572621345520e-02
5.504077300429344177e-02
5.509541556239128113e-02
5.449974164366722107e-02
5.525615066289901733e-02
5.421861633658409119e-02
5.494598299264907837e-02
5.429265275597572327e-02
5.436992645263671875e-02
5.449935421347618103e-02
5.391662567853927612e-02
5.448645353317260742e-02
5.372737348079681396e-02
5.410740152001380920e-02
5.372199788689613342e-02
5.357848107814788818e-02
5.371754989027976990e-02
5.318320170044898987e-02
5.354076251387596130e-02
5.301406607031822205e-02
5.317676439881324768e-02
5.294699966907501221e-02
5.272176489233970642e-02
5.282025784254074097e-02
5.235478654503822327e-02
5.258468911051750183e-02
5.213158205151557922e-02
5.224481225013732910e-02
5.199213325977325439e-02
5.187366530299186707e-02
5.183507129549980164e-02
5.152338743209838867e-02
5.161478742957115173e-02
5.123913288116455078e-02
5.134179443120956421e-02
5.102194100618362427e-02
5.103414505720138550e-02
5.083681643009185791e-02
5.071915686130523682e-02
5.063979327678680420e-02
5.041237547993659973e-02
5.041283369064331055e-02
5.014088377356529236e-02
5.017605051398277283e-02
4.989105090498924255e-02
4.992749541997909546e-02
4.965931549668312073e-02
4.968468472361564636e-02
4.943552613258361816e-02
4.943707212805747986e-02
4.922777041792869568e-02
4.934829473495483398e-02
4.912828281521797180e-02
4.931522160768508911e-02
4.901343956589698792e-02
4.923667386174201965e-02
4.884724318981170654e-02
4.912562668323516846e-02
4.857378825545310974e-02
4.898094385862350464e-02
4.827843606472015381e-02
4.893929138779640198e-02
4.796547070145606995e-02
4.896850138902664185e-02
4.760310426354408264e-02
4.910212382674217224e-02
4.729424044489860535e-02
4.921524971723556519e-02
4.733750596642494202e-02
4.908004775643348694e-02
4.796370491385459900e-02
4.857748001813888550e-02
4.878073930740356445e-02
4.804629832506179810e-02
4.915621876716613770e-02
4.786526784300804138e-02
4.885490238666534424e-02
4.817341640591621399e-02
4.823870584368705750e-02
4.861811175942420959e-02
4.780367389321327209e-02
4.866483062505722046e-02
4.775093123316764832e-02
4.821375757455825806e-02
4.792058467864990234e-02
4.762104898691177368e-02
4.801990091800689697e-02
4.730954021215438843e-02
4.783567413687705994e-02
4.731094837188720703e-02
4.738605022430419922e-02
4.737384244799613953e-02
4.693335294723510742e-02
4.726268351078033447e-02
4.669464379549026489e-02
4.695828631520271301e-02
4.665279760956764221e-02
4.655971750617027283e-02
4.661227017641067505e-02
4.621436446905136108e-02
4.643391817808151245e-02
4.598293825984001160e-02
4.612356051802635193e-02
4.586558789014816284e-02
4.579409584403038025e-02
4.577234759926795959e-02
4.550126567482948303e-02
4.561438038945198059e-02
4.526975005865097046e-02
4.537896811962127686e-02
4.509859159588813782e-02
4.510067403316497803e-02
4.497042670845985413e-02
4.483478516340255737e-02
4.483682662248611450e-02
4.459926858544349670e-02
4.467009752988815308e-02
4.439009353518486023e-02
4.446608573198318481e-02
4.421568289399147034e-02
4.425476491451263428e-02
4.406731575727462769e-02
4.404361546039581299e-02
4.392419010400772095e-02
4.383870586752891541e-02
4.377518594264984131e-02
4.364265874028205872e-02
4.362324625253677368e-02
4.346129298210144043e-02
4.347185418009757996e-02
4.329102113842964172e-02
4.332052916288375854e-02
4.312333464622497559e-02
4.317527264356613159e-02
4.294962808489799500e-02
4.303931817412376404e-02
4.276951774954795837e-02
4.291332140564918518e-02
4.258545115590095520e-02
4.281431809067726135e-02
4.238256067037582397e-02
4.274557530879974365e-02
4.213887825608253479e-02
4.274243488907814026e-02
4.184497892856597900e-02
4.287065565586090088e-02
4.148469120264053345e-02
4.319556057453155518e-02
4.108442738652229309e-02
4.371172934770584106e-02
4.088412970304489136e-02
4.414955899119377136e-02
4.146419838070869446e-02
4.390560835599899292e-02
4.296199604868888855e-02
4.308127984404563904e-02
4.438330978155136108e-02
4.261913150548934937e-02
4.464592784643173218e-02
4.311836138367652893e-02
4.381646215915679932e-02
4.414051771163940430e-02
4.306562244892120361e-02
4.454074800014495850e-02
4.319461062550544739e-02
4.394571855664253235e-02
4.381599649786949158e-02
4.312427341938018799e-02
4.408305138349533081e-02
4.296445474028587341e-02
4.362499341368675232e-02
4.338313639163970947e-02
4.294567182660102844e-02
4.359469190239906311e-02
4.265720024704933167e-02
4.317766800522804260e-02
4.281104728579521179e-02
4.252323880791664124e-02
4.292006790637969971e-02
4.217544570565223694e-02
4.262967780232429504e-02
4.219559580087661743e-02
4.207631200551986694e-02
4.224405065178871155e-02
4.166373983025550842e-02
4.203690588474273682e-02
4.157189652323722839e-02
4.162325710058212280e-02
4.161567240953445435e-02
4.124092310667037964e-02
4.151342436671257019e-02
4.104407504200935364e-02
4.121036827564239502e-02
4.100186377763748169e-02
4.085481166839599609e-02
4.095568135380744934e-02
4.059737548232078552e-02
4.078902676701545715e-02
4.046574607491493225e-02
4.050309956073760986e-02
4.039239138364791870e-02
4.021197184920310974e-02
4.029290005564689636e-02
3.999976068735122681e-02
4.011839628219604492e-02
3.987796232104301453e-02
3.988641127943992615e-02
3.978969529271125793e-02
3.966179117560386658e-02
3.969040140509605408e-02
3.949270769953727722e-02
3.956219926476478577e-02
3.937864303588867188e-02
3.939933702349662781e-02
3.929709643125534058e-02
3.922199085354804993e-02
3.921389579772949219e-02
3.906058892607688904e-02
3.911219164729118347e-02
3.893184661865234375e-02
3.898974880576133728e-02
3.883223235607147217e-02
3.884520754218101501e-02
3.874536976218223572e-02
3.869782760739326477e-02
3.866080194711685181e-02
3.856200724840164185e-02
3.856907412409782410e-02
3.844058141112327576e-02
3.846570476889610291e-02
3.832743689417839050e-02
3.835257515311241150e-02
3.822105377912521362e-02
3.823705762624740601e-02
3.811816871166229248e-02
3.812507167458534241e-02
3.801929950714111328e-02
3.800920397043228149e-02
3.792169317603111267e-02
3.789876028895378113e-02
3.782193735241889954e-02
3.779054805636405945e-02
3.771818429231643677e-02
3.768259659409523010e-02
3.761301562190055847e-02
3.757361695170402527e-02
3.751052170991897583e-02
3.745933249592781067e-02
3.740740194916725159e-02
3.735049068927764893e-02
3.729698807001113892e-02
3.724871203303337097e-02
3.718583658337593079e-02
3.714600950479507446e-02
3.707614541053771973e-02
3.705607354640960693e-02
3.693487495183944702e-02
3.699037432670593262e-02
3.678309172391891479e-02
3.692929819226264954e-02
3.660490736365318298e-02
3.691821917891502380e-02
3.636430576443672180e-02
3.699146211147308350e-02
3.603249043226242065e-02
3.724744543433189392e-02
3.553489595651626587e-02
3.785468637943267822e-02
3.486140817403793335e-02
3.903267905116081238e-02
3.433366492390632629e-02
4.045919701457023621e-02
3.506926447153091431e-02
4.048955440521240234e-02
3.963765874505043030e-02
4.229112342000007629e-02
4.280556365847587585e-02
4.351377859711647034e-02
4.484758898615837097e-02
4.443650320172309875e-02
4.581984505057334900e-02
4.451208189129829407e-02
4.478372633457183838e-02
4.489855468273162842e-02
4.362068325281143188e-02
4.455261304974555969e-02
4.368266090750694275e-02
4.355460405349731445e-02
4.394683986902236938e-02
4.279630258679389954e-02
4.338331148028373718e-02
4.268901422619819641e-02
4.234535992145538330e-02
4.263900592923164368e-02
4.176387190818786621e-02
4.217830300331115723e-02
4.179773852229118347e-02
4.150546714663505554e-02
4.184697568416595459e-02
4.113033786416053772e-02
4.134942218661308289e-02
4.104865714907646179e-02
4.066785797476768494e-02
4.086700454354286194e-02
4.029517993330955505e-02
4.044916480779647827e-02
4.024881869554519653e-02
3.994915634393692017e-02
4.012487456202507019e-02
3.964420035481452942e-02
3.969320654869079590e-02
3.946929052472114563e-02
3.917359560728073120e-02
3.923622891306877136e-02
3.883827477693557739e-02
3.892892226576805115e-02
3.878402337431907654e-02
3.862147033214569092e-02
3.870112448930740356e-02
3.840534016489982605e-02
3.845059499144554138e-02
3.827986121177673340e-02
3.814326971769332886e-02
3.815567865967750549e-02
3.793051838874816895e-02
3.797060996294021606e-02
3.783109039068222046e-02
3.773801773786544800e-02
3.773272410035133362e-02
3.755016252398490906e-02
3.756230324506759644e-02
3.741692751646041870e-02
3.737235441803932190e-02
3.733645007014274597e-02
3.721605241298675537e-02
3.724082931876182556e-02
3.711452707648277283e-02
3.709394857287406921e-02
3.703087568283081055e-02
3.695917502045631409e-02
3.695367276668548584e-02
3.684962540864944458e-02
3.686709702014923096e-02
3.678776323795318604e-02
3.676718473434448242e-02
3.673673793673515320e-02
3.666043654084205627e-02
3.666716814041137695e-02
3.657098487019538879e-02
3.657778725028038025e-02
3.651034459471702576e-02
3.645820170640945435e-02
3.644628822803497314e-02
3.635185956954956055e-02
3.636775165796279907e-02
3.627536818385124207e-02
3.626785427331924438e-02
3.620926290750503540e-02
3.616345301270484924e-02
3.614080324769020081e-02
3.606308996677398682e-02
3.605480864644050598e-02
3.597548976540565491e-02
3.595123067498207092e-02
3.590173646807670593e-02
3.584805876016616821e-02
3.581743687391281128e-02
3.574351221323013306e-02
3.572280704975128174e-02
3.565582260489463806e-02
3.561982139945030212e-02
3.558434918522834778e-02
3.552109375596046448e-02
3.549765050411224365e-02
3.542750328779220581e-02
3.541322797536849976e-02
3.533453866839408875e-02
3.532670065760612488e-02
3.526289016008377075e-02
3.522373735904693604e-02
3.517851233482360840e-02
3.513122349977493286e-02
3.509472683072090149e-02
3.504583239555358887e-02
3.501182049512863159e-02
3.496145457029342651e-02
3.491855412721633911e-02
3.488333150744438171e-02
3.483019024133682251e-02
3.479113802313804626e-02
3.474266454577445984e-02
3.470556810498237610e-02
3.466325253248214722e-02
3.462763130664825439e-02
3.457745164632797241e-02
3.453943878412246704e-02
3.449981659650802612e-02
3.445502370595932007e-02
3.441649675369262695e-02
3.437782451510429382e-02
3.434216976165771484e-02
3.429486602544784546e-02
3.426959365606307983e-02
3.421054035425186157e-02
3.418369591236114502e-02
3.414235264062881470e-02
3.410398215055465698e-02
3.406774625182151794e-02
3.402543440461158752e-02
3.399334475398063660e-02
3.394534811377525330e-02
3.392032533884048462e-02
3.388348594307899475e-02
3.383513167500495911e-02
3.382094204425811768e-02
3.375252708792686462e-02
3.374976664781570435e-02
3.367417305707931519e-02
3.369000181555747986e-02
3.358475118875503540e-02
3.362778201699256897e-02
3.350818902254104614e-02
3.356318548321723938e-02
3.342035412788391113e-02
3.350348025560379028e-02
3.331790864467620850e-02
3.346391022205352783e-02
3.322395309805870056e-02
3.342258930206298828e-02
3.311152011156082153e-02
3.339529410004615784e-02
3.298208862543106079e-02
3.340790048241615295e-02
3.281756862998008728e-02
3.347182273864746094e-02
3.259605914354324341e-02
3.363542631268501282e-02
3.228504955768585205e-02
3.392764553427696228e-02
3.184252977371215820e-02
3.445937484502792358e-02
3.122502192854881287e-02
3.537559509277343750e-02
3.049080073833465576e-02
3.663743287324905396e-02
2.994940429925918579e-02
3.776241838932037354e-02
3.033938445150852203e-02
3.733209520578384399e-02
3.230040892958641052e-02
3.510053828358650208e-02
3.537827730178833008e-02
3.294948861002922058e-02
3.748050704598426819e-02
3.238448500633239746e-02
3.707171231508255005e-02
3.362211957573890686e-02
3.496837615966796875e-02
3.570309281349182129e-02
3.325195610523223877e-02
3.673442453145980835e-02
3.294493257999420166e-02
3.592406213283538818e-02
3.387436270713806152e-02
3.418797254562377930e-02
3.503012284636497498e-02
3.298229351639747620e-02
3.537628427147865295e-02
3.291903808712959290e-02
3.451843559741973877e-02
3.368912637233734131e-02
3.325344249606132507e-02
3.429499268531799316e-02
3.254726529121398926e-02
3.408868238329887390e-02
3.261508047580718994e-02
3.322589769959449768e-02
3.309349343180656433e-02
3.236839920282363892e-02
3.333721309900283813e-02
3.201084583997726440e-02
3.303946927189826965e-02
3.216488286852836609e-02
3.240815550088882446e-02
3.250062093138694763e-02
3.189994394779205322e-02
3.264273330569267273e-02
3.174334019422531128e-02
3.246464580297470093e-02
2.800353057682514191e-02
4.565077647566795349e-02
2.639716118574142456e-02
4.668013378977775574e-02
3.393998742103576660e-02
3.208325803279876709e-02
4.991925507783889771e-02
3.282333910465240479e-02
4.081611335277557373e-02
4.941109195351600647e-02
3.595755994319915771e-02
5.066724121570587158e-02
4.995334520936012268e-02
4.132385179400444031e-02
5.729570984840393066e-02
5.092493817210197449e-02
4.785881936550140381e-02
6.225150823593139648e-02
5.336789041757583618e-02
5.427205562591552734e-02
6.544212996959686279e-02
5.613695085048675537e-02
5.985577777028083801e-02
6.727197021245956421e-02
5.825015157461166382e-02
6.304450333118438721e-02
6.673992425203323364e-02
5.894251167774200439e-02
6.432858854532241821e-02
6.500690430402755737e-02
5.871826410293579102e-02
6.414686888456344604e-02
6.274323910474777222e-02
5.832180008292198181e-02
6.325816363096237183e-02
6.021282076835632324e-02
5.726130306720733643e-02
6.122442707419395447e-02
5.727523192763328552e-02
5.565470084547996521e-02
5.837703123688697815e-02
5.409123003482818604e-02
