1.942188032000000000e+09
1.630525440000000000e+09
1.409963136000000000e+09
1.180732416000000000e+09
8.987015680000000000e+08
6.128718080000000000e+08
3.756559360000000000e+08
3.219332800000000000e+08
4.521319040000000000e+08
4.505576320000000000e+08
3.101413440000000000e+08
2.180740800000000000e+08
2.117514080000000000e+08
2.008222720000000000e+08
1.640516160000000000e+08
1.161328160000000000e+08
8.223166400000000000e+07
7.029619200000000000e+07
5.891514800000000000e+07
3.414112400000000000e+07
1.324627600000000000e+07
8.343476500000000000e+06
1.622119200000000000e+07
2.172607800000000000e+07
2.293509600000000000e+07
3.044716800000000000e+07
3.588263600000000000e+07
3.295189600000000000e+07
2.973864400000000000e+07
2.662899200000000000e+07
1.996219200000000000e+07
1.269480900000000000e+07
9.018627000000000000e+06
7.387166500000000000e+06
5.424026000000000000e+06
4.585760000000000000e+06
5.868579000000000000e+06
7.380060000000000000e+06
8.229440000000000000e+06
8.918362000000000000e+06
9.076071000000000000e+06
8.542031000000000000e+06
7.729574000000000000e+06
6.731100000000000000e+06
5.541985000000000000e+06
4.255175000000000000e+06
3.164224000000000000e+06
2.544564000000000000e+06
2.489825750000000000e+06
3.219625250000000000e+06
3.928446500000000000e+06
3.290597750000000000e+06
3.095291000000000000e+06
2.519277750000000000e+06
2.171478000000000000e+06
2.163533000000000000e+06
1.825871250000000000e+06
1.611877500000000000e+06
1.664955750000000000e+06
1.614585875000000000e+06
1.510977750000000000e+06
1.563790000000000000e+06
1.585607500000000000e+06
1.465058750000000000e+06
1.388532750000000000e+06
1.385085250000000000e+06
1.348688875000000000e+06
1.192929250000000000e+06
1.167419250000000000e+06
1.148438125000000000e+06
1.078430750000000000e+06
1.046671750000000000e+06
1.062134500000000000e+06
1.040961625000000000e+06
1.006257250000000000e+06
1.009024062500000000e+06
1.000726312500000000e+06
9.577461250000000000e+05
9.314343125000000000e+05
9.184650000000000000e+05
8.813420000000000000e+05
8.471207500000000000e+05
8.353595000000000000e+05
8.153305000000000000e+05
7.890465000000000000e+05
7.805129375000000000e+05
7.718573750000000000e+05
7.517433125000000000e+05
7.400326250000000000e+05
7.314658750000000000e+05
7.118885000000000000e+05
6.950261250000000000e+05
6.834110000000000000e+05
6.650135625000000000e+05
6.481805000000000000e+05
6.379412500000000000e+05
6.243821250000000000e+05
6.111051875000000000e+05
6.030931250000000000e+05
5.925396250000000000e+05
5.807937500000000000e+05
5.723176250000000000e+05
5.615999375000000000e+05
5.495949375000000000e+05
5.402361875000000000e+05
5.297796250000000000e+05
5.188968437500000000e+05
5.107325625000000000e+05
5.032270000000000000e+05
4.933695000000000000e+05
4.864189687500000000e+05
4.782260312500000000e+05
4.703329375000000000e+05
4.631710625000000000e+05
4.550224062500000000e+05
4.472736250000000000e+05
4.398719687500000000e+05
4.315718750000000000e+05
4.241388437500000000e+05
4.174736875000000000e+05
4.101034375000000000e+05
4.034609375000000000e+05
3.965274375000000000e+05
3.894240000000000000e+05
3.825826562500000000e+05
3.827949375000000000e+05
3.797213750000000000e+05
3.678870000000000000e+05
3.591049062500000000e+05
3.596737187500000000e+05
3.459462500000000000e+05
3.422556250000000000e+05
3.370230312500000000e+05
3.239660625000000000e+05
3.215487500000000000e+05
3.730891250000000000e+05
4.178884687500000000e+05
3.130772187500000000e+05
3.631449375000000000e+05
3.087791250000000000e+05
3.121902500000000000e+05
3.185999687500000000e+05
2.707850000000000000e+05
3.093489687500000000e+05
2.597258437500000000e+05
2.790111250000000000e+05
2.671895312500000000e+05
2.464097812500000000e+05
2.646163437500000000e+05
2.341145312500000000e+05
2.453203593750000000e+05
2.401126562500000000e+05
2.379629218750000000e+05
2.473558593750000000e+05
2.268899687500000000e+05
2.435135000000000000e+05
2.240686875000000000e+05
2.289334843750000000e+05
2.258400625000000000e+05
2.142153750000000000e+05
2.201187812500000000e+05
2.046622500000000000e+05
2.057208125000000000e+05
1.994515000000000000e+05
1.925922031250000000e+05
1.946567187500000000e+05
1.851471406250000000e+05
1.870211406250000000e+05
1.801141562500000000e+05
1.770952812500000000e+05
1.748600312500000000e+05
1.685448125000000000e+05
1.684121875000000000e+05
1.619834218750000000e+05
1.606737968750000000e+05
1.564862656250000000e+05
1.530238281250000000e+05
1.510679062500000000e+05
1.465068593750000000e+05
1.454188593750000000e+05
1.411571562500000000e+05
1.396670781250000000e+05
1.361933906250000000e+05
1.337509843750000000e+05
1.311488593750000000e+05
1.280907890625000000e+05
1.261475312500000000e+05
1.229244765625000000e+05
1.211840390625000000e+05
1.182632500000000000e+05
1.165209765625000000e+05
1.139042734375000000e+05
1.119375312500000000e+05
1.097865156250000000e+05
1.076637890625000000e+05
1.057601562500000000e+05
1.035595000000000000e+05
1.018133281250000000e+05
9.967004687500000000e+04
9.805285937500000000e+04
9.603575000000000000e+04
9.446642187500000000e+04
9.254475000000000000e+04
9.100213281250000000e+04
8.922412500000000000e+04
8.776439062500000000e+04
8.610475000000000000e+04
8.471974218750000000e+04
8.318442187500000000e+04
8.182000000000000000e+04
8.034353906250000000e+04
7.903373437500000000e+04
7.768253125000000000e+04
7.642659375000000000e+04
7.513326562500000000e+04
7.395692187500000000e+04
7.272093750000000000e+04
7.159879687500000000e+04
7.042738281250000000e+04
6.935946093750000000e+04
6.824057812500000000e+04
6.720353125000000000e+04
6.614726562500000000e+04
6.515468359375000000e+04
6.420226562500000000e+04
6.325140625000000000e+04
6.233590625000000000e+04
6.142885937500000000e+04
6.058905468750000000e+04
5.973225000000000000e+04
5.889551953125000000e+04
5.807448046875000000e+04
5.726730859375000000e+04
5.650069140625000000e+04
5.573268359375000000e+04
5.499384375000000000e+04
5.424648437500000000e+04
5.353507031250000000e+04
5.285654296875000000e+04
5.218334375000000000e+04
5.152032031250000000e+04
5.088135937500000000e+04
5.025122656250000000e+04
4.963384375000000000e+04
4.901909375000000000e+04
4.842463281250000000e+04
4.785017968750000000e+04
4.727950000000000000e+04
4.671646093750000000e+04
4.616866796875000000e+04
4.564333593750000000e+04
4.511952734375000000e+04
4.460450781250000000e+04
4.410106640625000000e+04
4.360953906250000000e+04
4.312391796875000000e+04
4.264500000000000000e+04
4.218350000000000000e+04
4.173002343750000000e+04
4.127648437500000000e+04
4.082861718750000000e+04
4.038618750000000000e+04
3.995962500000000000e+04
3.954520312500000000e+04
3.913068750000000000e+04
3.872373437500000000e+04
3.832672656250000000e+04
3.793367968750000000e+04
3.754178906250000000e+04
3.715311718750000000e+04
3.678316406250000000e+04
3.641783593750000000e+04
3.605002343750000000e+04
3.569983593750000000e+04
3.535136718750000000e+04
3.499953125000000000e+04
3.466663281250000000e+04
3.433972656250000000e+04
3.402918359375000000e+04
3.378556250000000000e+04
3.376502343750000000e+04
3.443106250000000000e+04
3.622488281250000000e+04
3.786275000000000000e+04
3.497930078125000000e+04
3.189039062500000000e+04
3.308471093750000000e+04
3.425032812500000000e+04
3.209657421875000000e+04
3.083368359375000000e+04
3.222393750000000000e+04
3.185559570312500000e+04
3.000029882812500000e+04
3.043600585937500000e+04
3.094896679687500000e+04
2.947810546875000000e+04
2.903770312500000000e+04
2.965363867187500000e+04
2.888256054687500000e+04
2.804894921875000000e+04
2.839435351562500000e+04
2.822030859375000000e+04
2.738684570312500000e+04
2.728827343750000000e+04
2.740723046875000000e+04
2.685218750000000000e+04
2.640478710937500000e+04
2.642775976562500000e+04
2.672354101562500000e+04
2.676703906250000000e+04
2.598657031250000000e+04
2.526728906250000000e+04
2.531730078125000000e+04
2.550602343750000000e+04
2.511509375000000000e+04
2.448733984375000000e+04
2.431312500000000000e+04
2.443699218750000000e+04
2.427350000000000000e+04
2.379635546875000000e+04
2.346296289062500000e+04
2.343368359375000000e+04
2.340642187500000000e+04
2.314652929687500000e+04
2.279594531250000000e+04
2.259185156250000000e+04
2.254037500000000000e+04
2.246371484375000000e+04
2.224900195312500000e+04
2.197274609375000000e+04
2.177035546875000000e+04
2.166730468750000000e+04
2.157951953125000000e+04
2.143423632812500000e+04
2.123420703125000000e+04
2.103042773437500000e+04
2.086700195312500000e+04
2.074563476562500000e+04
2.063778515625000000e+04
2.051817968750000000e+04
2.037735937500000000e+04
2.022180859375000000e+04
2.006116796875000000e+04
1.990814453125000000e+04
1.977064453125000000e+04
1.964490429687500000e+04
1.952911718750000000e+04
1.941858984375000000e+04
1.931169140625000000e+04
1.921103125000000000e+04
1.911892578125000000e+04
1.904025000000000000e+04
1.898819140625000000e+04
1.897424218750000000e+04
1.902887890625000000e+04
1.919290234375000000e+04
1.951467382812500000e+04
2.000204296875000000e+04
2.054808203125000000e+04
2.080417968750000000e+04
2.041159375000000000e+04
1.931697070312500000e+04
1.813001562500000000e+04
1.756248437500000000e+04
1.777455859375000000e+04
1.830546679687500000e+04
1.852851562500000000e+04
1.817513671875000000e+04
1.749028320312500000e+04
1.699104687500000000e+04
1.694618164062500000e+04
1.718082031250000000e+04
1.733695312500000000e+04
1.719508984375000000e+04
1.682169140625000000e+04
1.645874023437500000e+04
1.630025781250000000e+04
1.634717773437500000e+04
1.644963281250000000e+04
1.645126562500000000e+04
1.630207031250000000e+04
1.605970312500000000e+04
1.582787890625000000e+04
1.567891503906250000e+04
1.562280664062500000e+04
1.561588867187500000e+04
1.560482519531250000e+04
1.555749902343750000e+04
1.546477734375000000e+04
1.533971484375000000e+04
1.520391601562500000e+04
1.507450585937500000e+04
1.495782226562500000e+04
1.486122656250000000e+04
1.478215527343750000e+04
1.471603027343750000e+04
1.465877929687500000e+04
1.460663085937500000e+04
1.456186132812500000e+04
1.452509082031250000e+04
1.450149609375000000e+04
1.449735156250000000e+04
1.452531445312500000e+04
1.460221093750000000e+04
1.475736132812500000e+04
1.503260058593750000e+04
1.546755664062500000e+04
1.607549218750000000e+04
1.680739062500000000e+04
1.746629687500000000e+04
1.767714257812500000e+04
1.709846093750000000e+04
1.574443945312500000e+04
1.425578710937500000e+04
1.341318359375000000e+04
1.349922558593750000e+04
1.416309082031250000e+04
1.472996972656250000e+04
1.471581640625000000e+04
1.410841015625000000e+04
1.335275683593750000e+04
1.293547656250000000e+04
1.301541113281250000e+04
1.335468164062500000e+04
1.357300976562500000e+04
1.346835253906250000e+04
1.310669335937500000e+04
1.271791308593750000e+04
1.250618554687500000e+04
1.251328906250000000e+04
1.263359179687500000e+04
1.272157910156250000e+04
1.268809082031250000e+04
1.252766796875000000e+04
1.231315820312500000e+04
1.213345703125000000e+04
1.203709765625000000e+04
1.201918652343750000e+04
1.203850781250000000e+04
1.205310253906250000e+04
1.203695117187500000e+04
1.198169628906250000e+04
1.189054296875000000e+04
1.177856933593750000e+04
1.166662988281250000e+04
1.156874609375000000e+04
1.149038183593750000e+04
1.142972460937500000e+04
1.138278613281250000e+04
1.134595117187500000e+04
1.131601171875000000e+04
1.129157812500000000e+04
1.127217773437500000e+04
1.125855175781250000e+04
1.125132617187500000e+04
1.125959179687500000e+04
1.129536718750000000e+04
1.137624023437500000e+04
1.151576074218750000e+04
1.173157226562500000e+04
1.206678808593750000e+04
1.258643554687500000e+04
1.337486914062500000e+04
1.447896484375000000e+04
1.582810839843750000e+04
1.707025585937500000e+04
1.759558593750000000e+04
1.669960742187500000e+04
1.443536816406250000e+04
1.185278710937500000e+04
1.039572851562500000e+04
1.061979199218750000e+04
1.184937304687500000e+04
1.285691601562500000e+04
1.277361914062500000e+04
1.168473632812500000e+04
1.046263671875000000e+04
9.999789062500000000e+03
1.040678808593750000e+04
1.108143359375000000e+04
1.133351757812500000e+04
1.094141406250000000e+04
1.025109863281250000e+04
9.772355468750000000e+03
9.758788085937500000e+03
1.004760839843750000e+04
1.027989648437500000e+04
1.022517773437500000e+04
9.922402343750000000e+03
9.591421875000000000e+03
9.430690429687500000e+03
9.481752929687500000e+03
9.628550781250000000e+03
9.715697265625000000e+03
9.659991210937500000e+03
9.487465820312500000e+03
9.291059570312500000e+03
9.153926757812500000e+03
9.105847656250000000e+03
9.120940429687500000e+03
9.153773437500000000e+03
9.164054687500000000e+03
9.127091796875000000e+03
9.046026367187500000e+03
8.945329101562500000e+03
8.852035156250000000e+03
8.781181640625000000e+03
8.738138671875000000e+03
8.715810546875000000e+03
8.700308593750000000e+03
8.682589843750000000e+03
8.658148437500000000e+03
8.626073242187500000e+03
8.586892578125000000e+03
8.544519531250000000e+03
8.499542968750000000e+03
8.453361328125000000e+03
8.406541992187500000e+03
8.371142578125000000e+03
8.378843750000000000e+03
8.409020507812500000e+03
8.438642578125000000e+03
8.457730468750000000e+03
8.478546875000000000e+03
8.510119140625000000e+03
8.564445312500000000e+03
8.663101562500000000e+03
8.824065429687500000e+03
9.087570312500000000e+03
9.500902343750000000e+03
1.014097851562500000e+04
1.109577343750000000e+04
1.252541796875000000e+04
1.450716992187500000e+04
1.697400000000000000e+04
1.924526953125000000e+04
2.025676953125000000e+04
1.868267773437500000e+04
1.475267382812500000e+04
1.025003515625000000e+04
7.815781738281250000e+03
8.442195312500000000e+03
1.079198925781250000e+04
1.252436035156250000e+04
1.209179492187500000e+04
9.978312500000000000e+03
7.961456054687500000e+03
7.585571289062500000e+03
8.712683593750000000e+03
9.932792968750000000e+03
1.006661132812500000e+04
9.026890625000000000e+03
7.780718750000000000e+03
7.289515625000000000e+03
7.691015625000000000e+03
8.346200195312500000e+03
8.543478515625000000e+03
8.106869628906250000e+03
7.450401367187500000e+03
7.112112304687500000e+03
7.241578613281250000e+03
7.574548828125000000e+03
7.740254882812500000e+03
7.578821289062500000e+03
7.233838867187500000e+03
6.964626953125000000e+03
6.920498046875000000e+03
7.047966796875000000e+03
7.185706542968750000e+03
7.201718750000000000e+03
7.078545898437500000e+03
6.898003906250000000e+03
6.754643066406250000e+03
6.700902343750000000e+03
6.725263671875000000e+03
6.773813476562500000e+03
6.795778808593750000e+03
6.764880371093750000e+03
6.688969726562500000e+03
6.596707031250000000e+03
6.519845703125000000e+03
6.477093261718750000e+03
6.466522460937500000e+03
6.473060546875000000e+03
6.478170410156250000e+03
6.474236328125000000e+03
6.454470703125000000e+03
6.417137695312500000e+03
6.368122070312500000e+03
6.315609863281250000e+03
6.264337890625000000e+03
6.220661621093750000e+03
6.187297363281250000e+03
6.162911132812500000e+03
6.142701171875000000e+03
6.124044921875000000e+03
6.105378906250000000e+03
6.085657226562500000e+03
6.065869140625000000e+03
6.046648437500000000e+03
6.028797851562500000e+03
6.013016601562500000e+03
6.001613281250000000e+03
5.996610839843750000e+03
5.998676757812500000e+03
6.007658203125000000e+03
6.029642089843750000e+03
6.075626464843750000e+03
6.160718750000000000e+03
6.304724121093750000e+03
6.551258300781250000e+03
6.964226562500000000e+03
7.660500976562500000e+03
8.795015625000000000e+03
1.066510253906250000e+04
1.359417578125000000e+04
1.813263867187500000e+04
2.429525390625000000e+04
3.165493945312500000e+04
3.691608984375000000e+04
3.697347656250000000e+04
2.819411718750000000e+04
1.546811425781250000e+04
6.611484375000000000e+03
7.114996093750000000e+03
1.378512890625000000e+04
1.842426367187500000e+04
1.636246484375000000e+04
9.750415039062500000e+03
5.670036621093750000e+03
7.358266601562500000e+03
1.128857421875000000e+04
1.229422851562500000e+04
9.301371093750000000e+03
6.004123046875000000e+03
5.685875976562500000e+03
7.802402832031250000e+03
9.196210937500000000e+03
8.053371093750000000e+03
5.950938476562500000e+03
5.288919433593750000e+03
6.353170898437500000e+03
7.408981445312500000e+03
7.064596191406250000e+03
5.842240234375000000e+03
5.157985351562500000e+03
5.563799804687500000e+03
6.282532226562500000e+03
6.348479003906250000e+03
5.725688476562500000e+03
5.120454589843750000e+03
5.099305175781250000e+03
5.511744628906250000e+03
5.777414062500000000e+03
5.586820800781250000e+03
5.158067382812500000e+03
4.917607910156250000e+03
5.019917968750000000e+03
5.258830078125000000e+03
5.343418945312500000e+03
5.186219726562500000e+03
4.938254882812500000e+03
4.799183593750000000e+03
4.833842773437500000e+03
4.948808593750000000e+03
5.007928710937500000e+03
4.949011718750000000e+03
4.813570800781250000e+03
4.700162109375000000e+03
4.669343261718750000e+03
4.706763671875000000e+03
4.754017578125000000e+03
4.757349609375000000e+03
4.705254882812500000e+03
4.627109375000000000e+03
4.565447265625000000e+03
4.539579101562500000e+03
4.542365234375000000e+03
4.551222656250000000e+03
4.547672851562500000e+03
4.525019531250000000e+03
4.487551757812500000e+03
4.447279785156250000e+03
4.417919921875000000e+03
4.404553710937500000e+03
4.402876464843750000e+03
4.403250976562500000e+03
4.398259765625000000e+03
4.382560546875000000e+03
4.356109375000000000e+03
4.324321289062500000e+03
4.293496093750000000e+03
4.267944335937500000e+03
4.249275390625000000e+03
4.236170898437500000e+03
4.225704589843750000e+03
4.215589843750000000e+03
4.202519042968750000e+03
4.188493164062500000e+03
4.170745117187500000e+03
4.151318847656250000e+03
4.131396484375000000e+03
4.111827148437500000e+03
4.092760009765625000e+03
4.073436279296875000e+03
4.053794433593750000e+03
4.034604980468750000e+03
4.016371582031250000e+03
3.998707031250000000e+03
3.981707031250000000e+03
3.965209472656250000e+03
3.948765136718750000e+03
3.932284667968750000e+03
3.915950683593750000e+03
3.899707031250000000e+03
3.883621093750000000e+03
3.867690917968750000e+03
3.852115234375000000e+03
3.836515380859375000e+03
3.821071044921875000e+03
3.805753662109375000e+03
3.790848388671875000e+03
3.775941406250000000e+03
3.762037109375000000e+03
3.755516601562500000e+03
3.759500976562500000e+03
3.775588134765625000e+03
3.811385742187500000e+03
3.888679687500000000e+03
4.046780273437500000e+03
4.350086914062500000e+03
4.900622070312500000e+03
5.925162109375000000e+03
7.794335937500000000e+03
1.130971386718750000e+04
1.761292968750000000e+04
2.912721875000000000e+04
4.747445312500000000e+04
7.581841406250000000e+04
1.047652343750000000e+05
1.262597968750000000e+05
1.071118906250000000e+05
4.898685156250000000e+04
2.436256250000000000e+04
1.083924414062500000e+04
6.064743164062500000e+03
6.991083496093750000e+03
9.127416015625000000e+03
1.022928906250000000e+04
1.154511328125000000e+04
7.583850585937500000e+03
5.187208007812500000e+03
6.962555664062500000e+03
8.891165039062500000e+03
7.591621093750000000e+03
5.138160156250000000e+03
4.941369140625000000e+03
6.600713378906250000e+03
7.260855468750000000e+03
5.953110839843750000e+03
4.557384277343750000e+03
4.696736816406250000e+03
5.586294921875000000e+03
5.677898925781250000e+03
4.768161132812500000e+03
4.144917968750000000e+03
4.449593750000000000e+03
4.981051757812500000e+03
4.835088867187500000e+03
4.244672851562500000e+03
3.978678955078125000e+03
4.237170410156250000e+03
4.483064453125000000e+03
4.292003906250000000e+03
3.907226074218750000e+03
3.757259765625000000e+03
3.925662353515625000e+03
4.075145751953125000e+03
3.961095703125000000e+03
3.722864013671875000e+03
3.628275634765625000e+03
3.720597167968750000e+03
3.809476562500000000e+03
3.755320800781250000e+03
3.600637695312500000e+03
3.523834716796875000e+03
3.562175781250000000e+03
3.608856445312500000e+03
3.576315185546875000e+03
3.484406494140625000e+03
3.422833496093750000e+03
3.428095214843750000e+03
3.444145019531250000e+03
3.418934814453125000e+03
3.364913330078125000e+03
3.326540527343750000e+03
3.321384033203125000e+03
3.326918457031250000e+03
3.319619628906250000e+03
3.291206298828125000e+03
3.259841552734375000e+03
3.238683837890625000e+03
3.227817871093750000e+03
3.223695800781250000e+03
3.210248291015625000e+03
3.188910644531250000e+03
3.166575683593750000e+03
3.149189453125000000e+03
3.141604003906250000e+03
3.132669433593750000e+03
3.121145019531250000e+03
3.104955810546875000e+03
3.086664550781250000e+03
3.070494628906250000e+03
3.058943359375000000e+03
3.052223144531250000e+03
3.044130371093750000e+03
3.029443603515625000e+03
3.012177734375000000e+03
2.996184082031250000e+03
2.985554687500000000e+03
2.978912597656250000e+03
2.971277343750000000e+03
2.960199218750000000e+03
2.944239013671875000e+03
2.927995605468750000e+03
2.914958007812500000e+03
2.903959472656250000e+03
2.894570800781250000e+03
2.885421875000000000e+03
2.874710205078125000e+03
2.861989746093750000e+03
2.848734863281250000e+03
2.837500976562500000e+03
2.827842773437500000e+03
2.817857421875000000e+03
2.807818359375000000e+03
2.797939697265625000e+03
2.785151855468750000e+03
2.774849121093750000e+03
2.766296386718750000e+03
2.754833007812500000e+03
2.747466064453125000e+03
2.739724121093750000e+03
2.727486572265625000e+03
2.719196289062500000e+03
2.706517089843750000e+03
2.695498535156250000e+03
2.686370849609375000e+03
2.675081542968750000e+03
2.665248046875000000e+03
2.656776367187500000e+03
2.645477539062500000e+03
2.636467773437500000e+03
2.626848876953125000e+03
2.616571777343750000e+03
2.608026123046875000e+03
2.598632324218750000e+03
2.589027832031250000e+03
2.580280273437500000e+03
2.570734863281250000e+03
2.561660156250000000e+03
2.553135742187500000e+03
2.543731445312500000e+03
2.534491210937500000e+03
2.526088134765625000e+03
2.516753173828125000e+03
2.508172851562500000e+03
2.499464843750000000e+03
2.490617675781250000e+03
2.482990478515625000e+03
2.475407470703125000e+03
2.466046386718750000e+03
2.457715820312500000e+03
2.449183593750000000e+03
2.439771972656250000e+03
2.432390869140625000e+03
2.425279296875000000e+03
2.415553222656250000e+03
2.407991455078125000e+03
2.399811523437500000e+03
2.390630859375000000e+03
2.384270996093750000e+03
2.378580078125000000e+03
2.370258544921875000e+03
2.366027343750000000e+03
2.361295654296875000e+03
2.356084228515625000e+03
2.353943359375000000e+03
2.350127441406250000e+03
2.348216796875000000e+03
2.350791748046875000e+03
2.355666992187500000e+03
2.365789794921875000e+03
2.386072265625000000e+03
2.414712158203125000e+03
2.454640380859375000e+03
2.511337890625000000e+03
2.594269287109375000e+03
2.717721679687500000e+03
2.908612548828125000e+03
3.212833007812500000e+03
3.691887939453125000e+03
4.485223632812500000e+03
5.713564453125000000e+03
7.683767578125000000e+03
1.070466015625000000e+04
1.565948535156250000e+04
2.319479882812500000e+04
3.569762109375000000e+04
5.366612500000000000e+04
8.236004687500000000e+04
1.169887812500000000e+05
1.652778437500000000e+05
1.992959687500000000e+05
2.269992187500000000e+05
1.952660156250000000e+05
1.367796718750000000e+05
5.699831250000000000e+04
9.154918945312500000e+03
1.066256250000000000e+04
4.625729687500000000e+04
8.188126562500000000e+04
8.379457812500000000e+04
5.779835546875000000e+04
2.097994921875000000e+04
3.077898437500000000e+03
1.157227343750000000e+04
3.230215039062500000e+04
4.613027734375000000e+04
4.049842968750000000e+04
2.332930078125000000e+04
6.938396972656250000e+03
2.724889648437500000e+03
1.025464746093750000e+04
1.985806640625000000e+04
2.269757031250000000e+04
1.625844824218750000e+04
7.146094726562500000e+03
2.336648437500000000e+03
4.275341308593750000e+03
9.456800781250000000e+03
1.238506152343750000e+04
1.072354687500000000e+04
6.085508789062500000e+03
2.590642089843750000e+03
2.471498535156250000e+03
4.882346679687500000e+03
7.240876464843750000e+03
7.432141113281250000e+03
5.581666015625000000e+03
3.212616210937500000e+03
2.041151245117187500e+03
2.517900390625000000e+03
3.830514160156250000e+03
4.791307128906250000e+03
4.494550781250000000e+03
1.100446093750000000e+05
4.321032500000000000e+05
1.483417750000000000e+06
1.810162000000000000e+06
1.158957125000000000e+06
1.106449687500000000e+05
4.376678750000000000e+05
1.176026000000000000e+06
6.076657500000000000e+05
3.564657031250000000e+04
4.399657500000000000e+05
6.530695000000000000e+05
2.005807500000000000e+05
8.446978125000000000e+04
4.322573750000000000e+05
3.421774375000000000e+05
3.575017968750000000e+04
2.203616250000000000e+05
3.436482500000000000e+05
7.595417968750000000e+04
8.680396875000000000e+04
2.578212031250000000e+05
1.105533906250000000e+05
3.203620507812500000e+04
1.648975156250000000e+05
1.201221562500000000e+05
1.835506445312500000e+04
8.914378906250000000e+04
1.089563281250000000e+05
2.546717187500000000e+04
4.232347656250000000e+04
8.799580468750000000e+04
3.722812500000000000e+04
1.801358398437500000e+04
6.123443750000000000e+04
4.376968359375000000e+04
1.144791601562500000e+04
3.858396093750000000e+04
4.343567578125000000e+04
1.278564355468750000e+04
2.118649609375000000e+04
3.669741406250000000e+04
1.672697460937500000e+04
